%% ========================================================================
%% Programmatic octave notes on "Ripples in Mathematics" by A. Jensen
%% and A. la Cour-Harbo written with a deep gratitude to the authors for
%% this wonderful text. 
%% 
%% Reconstruction of graphs in ex 4.4, p.34, HWT, 3 scales, D6.
%%
%% Author: Vladimir Kulyukin
%% 
%% NB: I have tested this code in Octave 4.
%% =========================================================================
t = (1.0/512)*[0:511];

%%y_ex_4_3_chirp_512_p33 = arrayfun(@(x) sin(x*x), t);

y_ex_4_4_512_with_noise_hwt_d6_p34 = [
-0.04886833903680526
-0.04886833903680526
-0.04886833903680526
-0.04886833903680526
0.04886833903680526
0.04886833903680526
0.04886833903680526
0.04886833903680526
-0.04710835100367523
-0.04710835100367523
-0.04710835100367523
-0.04710835100367523
0.04710835100367523
0.04710835100367523
0.04710835100367523
0.04710835100367523
-0.04353801546014154
-0.04353801546014154
-0.04353801546014154
-0.04353801546014154
0.04353801546014154
0.04353801546014154
0.04353801546014154
0.04353801546014154
-0.03829453839887497
-0.03829453839887497
-0.03829453839887497
-0.03829453839887497
0.03829453839887497
0.03829453839887497
0.03829453839887497
0.03829453839887497
-0.031579423702764224
-0.031579423702764224
-0.031579423702764224
-0.031579423702764224
0.031579423702764224
0.031579423702764224
0.031579423702764224
0.031579423702764224
-0.023650729463701056
-0.023650729463701056
-0.023650729463701056
-0.023650729463701056
0.023650729463701056
0.023650729463701056
0.023650729463701056
0.023650729463701056
-0.014813150954829822
-0.014813150954829822
-0.014813150954829822
-0.014813150954829822
0.014813150954829822
0.014813150954829822
0.014813150954829822
0.014813150954829822
-0.005406311362075144
-0.005406311362075144
-0.005406311362075144
-0.005406311362075144
0.005406311362075144
0.005406311362075144
0.005406311362075144
0.005406311362075144
0.004208289744429771
0.004208289744429771
0.004208289744429771
0.004208289744429771
-0.004208289744429771
-0.004208289744429771
-0.004208289744429771
-0.004208289744429771
0.01366116863609229
0.01366116863609229
0.01366116863609229
0.01366116863609229
-0.01366116863609229
-0.01366116863609229
-0.01366116863609229
-0.01366116863609229
0.02258905647834136
0.02258905647834136
0.02258905647834136
0.02258905647834136
-0.02258905647834136
-0.02258905647834136
-0.02258905647834136
-0.02258905647834136
0.030648859548216608
0.030648859548216608
0.030648859548216608
0.030648859548216608
-0.030648859548216608
-0.030648859548216608
-0.030648859548216608
-0.030648859548216608
0.03753084413373225
0.03753084413373225
0.03753084413373225
0.03753084413373225
-0.03753084413373225
-0.03753084413373225
-0.03753084413373225
-0.03753084413373225
0.042970539426728564
0.042970539426728564
0.042970539426728564
0.042970539426728564
-0.042970539426728564
-0.042970539426728564
-0.042970539426728564
-0.042970539426728564
0.04675890098771187
0.04675890098771187
0.04675890098771187
0.04675890098771187
-0.04675890098771187
-0.04675890098771187
-0.04675890098771187
-0.04675890098771187
0.048750344206431116
0.048750344206431116
0.048750344206431116
0.048750344206431116
-0.048750344206431116
-0.048750344206431116
-0.048750344206431116
-0.048750344206431116
0.048868339036805306
0.048868339036805306
0.048868339036805306
0.048868339036805306
-0.048868339036805306
-0.048868339036805306
-0.048868339036805306
-0.048868339036805306
0.04710835100367516
0.04710835100367516
0.04710835100367516
0.04710835100367516
-0.04710835100367516
-0.04710835100367516
-0.04710835100367516
-0.04710835100367516
0.04353801546014157
0.04353801546014157
0.04353801546014157
0.04353801546014157
-0.04353801546014157
-0.04353801546014157
-0.04353801546014157
-0.04353801546014157
0.03829453839887494
0.03829453839887494
0.03829453839887494
0.03829453839887494
-0.03829453839887494
-0.03829453839887494
-0.03829453839887494
-0.03829453839887494
0.03157942370276425
0.03157942370276425
0.03157942370276425
0.03157942370276425
-0.03157942370276425
-0.03157942370276425
-0.03157942370276425
-0.03157942370276425
0.023650729463701007
0.023650729463701007
0.023650729463701007
0.023650729463701007
-0.023650729463701007
-0.023650729463701007
-0.023650729463701007
-0.023650729463701007
0.014813150954829763
0.014813150954829763
0.014813150954829763
0.014813150954829763
-0.014813150954829763
-0.014813150954829763
-0.014813150954829763
-0.014813150954829763
0.005406311362075173
0.005406311362075173
0.005406311362075173
0.005406311362075173
-0.005406311362075173
-0.005406311362075173
-0.005406311362075173
-0.005406311362075173
-0.004208289744429716
-0.004208289744429716
-0.004208289744429716
-0.004208289744429716
0.004208289744429716
0.004208289744429716
0.004208289744429716
0.004208289744429716
0.4839369914143116
0.4839369914143116
0.4839369914143116
0.4839369914143116
-0.4839369914143116
-0.4839369914143116
-0.4839369914143116
-0.4839369914143116
-0.022589056478341227
-0.022589056478341227
-0.022589056478341227
-0.022589056478341227
0.022589056478341227
0.022589056478341227
0.022589056478341227
0.022589056478341227
-0.030648859548216677
-0.030648859548216677
-0.030648859548216677
-0.030648859548216677
0.030648859548216677
0.030648859548216677
0.030648859548216677
0.030648859548216677
-0.03753084413373239
-0.03753084413373239
-0.03753084413373239
-0.03753084413373239
0.03753084413373239
0.03753084413373239
0.03753084413373239
0.03753084413373239
-0.04297053942672848
-0.04297053942672848
-0.04297053942672848
-0.04297053942672848
0.04297053942672848
0.04297053942672848
0.04297053942672848
0.04297053942672848
-0.04675890098771184
-0.04675890098771184
-0.04675890098771184
-0.04675890098771184
0.04675890098771184
0.04675890098771184
0.04675890098771184
0.04675890098771184
-0.0487503442064312
-0.0487503442064312
-0.0487503442064312
-0.0487503442064312
0.0487503442064312
0.0487503442064312
0.0487503442064312
0.0487503442064312
-0.048868339036805306
-0.048868339036805306
-0.048868339036805306
-0.048868339036805306
0.048868339036805306
0.048868339036805306
0.048868339036805306
0.048868339036805306
-0.04710835100367516
-0.04710835100367516
-0.04710835100367516
-0.04710835100367516
0.04710835100367516
0.04710835100367516
0.04710835100367516
0.04710835100367516
-0.04353801546014124
-0.04353801546014124
-0.04353801546014124
-0.04353801546014124
0.04353801546014124
0.04353801546014124
0.04353801546014124
0.04353801546014124
-0.03829453839887508
-0.03829453839887508
-0.03829453839887508
-0.03829453839887508
0.03829453839887508
0.03829453839887508
0.03829453839887508
0.03829453839887508
-0.03157942370276411
-0.03157942370276411
-0.03157942370276411
-0.03157942370276411
0.03157942370276411
0.03157942370276411
0.03157942370276411
0.03157942370276411
-0.02365072946370094
-0.02365072946370094
-0.02365072946370094
-0.02365072946370094
0.02365072946370094
0.02365072946370094
0.02365072946370094
0.02365072946370094
-0.01481315095482971
-0.01481315095482971
-0.01481315095482971
-0.01481315095482971
0.01481315095482971
0.01481315095482971
0.01481315095482971
0.01481315095482971
-0.005406311362075255
-0.005406311362075255
-0.005406311362075255
-0.005406311362075255
0.005406311362075255
0.005406311362075255
0.005406311362075255
0.005406311362075255
0.00420828974442966
0.00420828974442966
0.00420828974442966
0.00420828974442966
-0.00420828974442966
-0.00420828974442966
-0.00420828974442966
-0.00420828974442966
0.013661168636092234
0.013661168636092234
0.013661168636092234
0.013661168636092234
-0.013661168636092234
-0.013661168636092234
-0.013661168636092234
-0.013661168636092234
0.022589056478341307
0.022589056478341307
0.022589056478341307
0.022589056478341307
-0.022589056478341307
-0.022589056478341307
-0.022589056478341307
-0.022589056478341307
0.030648859548216497
0.030648859548216497
0.030648859548216497
0.030648859548216497
-0.030648859548216497
-0.030648859548216497
-0.030648859548216497
-0.030648859548216497
0.037530844133732415
0.037530844133732415
