%% ========================================================================
%% Programmatic octave notes on "Ripples in Mathematics" by A. Jensen
%% and A. la Cour-Harbo written with a deep gratitude to the authors for
%% this wonderful text. 
%% 
%% Reconstruction of graphs in ex 4.4, p.34, CDF44, 5 scales, S6.
%%
%% Author: Vladimir Kulyukin
%% 
%% NB: I have tested this code in Octave 4.
%% =========================================================================
t = (1.0/1024)*[0:1023];

y_ex_4_4_1024_with_slow_var_removed_cdf44_s6_p34 = [
0.004738425462805987
0.0030638536688546263
0.0022951317034531175
0.0012794970061714567
0.0011660171535798416
8.019309765852911E-4
1.8539320912466795E-4
-3.7705333556237175E-4
-4.472276282381504E-5
2.96298759821928E-5
-1.5583345733546916E-4
-2.945616126163175E-4
-6.967740407059497E-4
-0.0010559137630714865
-0.0013738071620370274
-0.0017349089813079865
-0.0012158780573540695
-9.694439314314185E-4
-9.97416930082179E-4
-9.93215994122859E-4
-0.0012670284725065373
-0.0015122630967722706
-0.0017307097764450163
-0.0020067846050521587
-0.0025680203875391716
-0.0031078021992097526
-0.003627895220522648
-0.0042126897468330315
-0.0047813050310978045
-0.005418116876810486
-0.006124861482889599
-0.006881125978311087
-0.0022619450865639656
8.442753855844587E-4
0.0024358324034114975
0.0043563159883976965
0.004758757111076539
0.005486764427809654
0.006538672170829762
0.007418382129894874
0.006773406950779048
0.006447395575484405
0.00643872351617969
0.0062513348306377226
0.006378069535119657
0.006322894285835434
0.0060842297884224905
0.005792994084915404
0.003964304741709501
0.002441902983412736
0.0012242585137907103
-1.8458852297942308E-4
-0.0012917001438951248
-0.002593009860422546
-0.004089995284050629
-0.00565163485463549
-0.006917421547267377
-0.008383233506521925
-0.01005049209944664
-0.011788118652376722
-0.013729990556365257
-0.015744999301180673
-0.017834506585232335
-0.02003535803782086
-0.008917955001087385
-0.0015038361717650828
0.0022056997008264023
0.006769925351493344
0.00762701943665256
0.00933628773254358
0.011896497567737252
0.014084436163877445
0.012560346857212967
0.01188360374440589
0.012053043201530667
0.011845522214418591
0.012481909841567718
0.012739098996903286
0.012615997907275078
0.012438966315332478
0.008540958080359817
0.005481492304937996
0.003259551696869978
6.521408774888826E-4
-0.0011197221776664268
-0.003278994378516198
-0.005826616085558567
-0.008436074929797366
-0.010213707983006026
-0.012382393506666478
-0.014942992664167098
-0.017568913352657534
-0.020588409482100056
-0.023674848310719865
-0.026829009730177544
-0.03013938845704478
-0.014216287108158365
-0.0036230023042720383
0.0016397692135081687
0.008152874949350353
0.009334137192101744
0.01176444586365688
0.015443189051975392
0.018606262467641077
0.01643508781446401
0.01551064096837762
0.01583239632055744
0.015636336220980485
0.016685492523431766
0.017215891365912617
0.017227094709050816
0.01719121868375062
0.011817327975253145
0.007686574112888089
0.004798607682010458
0.0013895877410307067
-7.772766601950032E-4
-0.003465781726638917
-0.006676187406447265
-0.009936199070108231
-0.011955049965826192
-0.014496446342098568
-0.01756055805433454
-0.020675000257592724
-0.02431242969858216
-0.02800041627798666
-0.031739039349282794
-0.0356549701979213
-0.01735031837397627
-0.00519059917855158
8.241987279782315E-4
0.008294623242164234
0.009620217174217682
0.012401573756995687
0.016638794995907702
0.020295453976895805
0.01780773563640481
0.01677632370922466
0.017201410620809154
0.017046659781638995
0.018348860222969665
0.01907172033690585
0.01921552250537617
0.019326263846353386
0.01329461681025923
0.008721444691118685
0.005607119147052253
0.0019154824676452797
-3.164978172393029E-4
-0.0031249352242705974
-0.0065093697144935625
-0.009923626973863509
-0.01187634396414683
-0.01440354663255905
-0.017504687667584395
-0.020633505792653217
-0.024335102886179016
-0.028063174691335346
-0.03181708794256766
-0.03574240593927358
-0.01784292094838369
-0.005967974380795216
-1.1684854250626486E-4
0.00717359033730558
0.008441706299044949
0.011150674466377963
0.015301295232765355
0.01889484659691676
0.01646931713522848
0.015487963243094982
0.015951666085218363
0.015861783918898698
0.017218780286392565
0.018024052772180443
0.01827856118940341
0.018519060531366982
0.012747920751904673
0.008428554375219277
0.005561997550616482
0.0021497623524525666
1.9246494933111702E-4
-0.0023083456616153075
-0.005351559491091562
-0.008400272628750649
-0.009989572253251922
-0.01211783751668749
-0.014783887263833395
-0.017450747113978426
-0.020652977257612504
-0.023853569151240595
-0.027051273319216973
-0.030388384382087907
-0.013412420733205921
-0.002014698016207128
0.003806098554880677
0.010989204721203794
0.0125980616291258
0.015571936093579541
0.0199122050434275
0.023761254357492878
0.02204159175781728
0.021692543727971914
0.02271554602256942
0.023253042494432274
0.025165503095647357
0.02659539936456734
0.027544222422695275
0.02851159585301344
0.023922018901971764
0.020714926982328907
0.018891862990236152
0.016595376116271487
0.015686039830630882
0.014306427354540574
0.012458129641827909
0.010640868242215995
0.010217143605083356
0.009329574145125419
0.007979795041098636
0.006667571092454583
0.004896438943451209
0.0031661835378770653
0.0014784803401289293
-2.984563720344613E-4
-0.01635601668812875
-0.028660624590367334
-0.037210568365053986
-0.04683575368112791
-0.0527028264377134
-0.059641676239724606
-0.06765055924783381
-0.07543309401265119
-0.07945052663142177
-0.08453271772751891
-0.0906778955370447
-0.09658965174721623
-0.10356083246093797
-0.11029501753641854
-0.11679041155352449
-0.12339210897712985
-0.1262144134810251
-0.1300871405425009
-0.13500847541051175
-0.13968196895053944
-0.14540042861531022
-0.15086739779023361
-0.15608104676524837
-0.1613864379033357
-0.16772947077309563
-0.17381367710407059
-0.17963721663511406
-0.18554514228449387
-0.19118871505162194
-0.19691298479566802
-0.20271610513775098
-0.20850327859556486
0.6856565787092292
0.606625053138408
0.5544039927404989
0.49500328085266154
0.4624167291215962
0.42265421949312565
0.3757175972333121
0.33071682563649707
0.312537591923718
0.2871897719230634
0.2546752036727241
0.2241038421301198
0.18636940063851537
0.15058182832695866
0.11674295157777315
0.08241407992761596
0.07492139053569469
0.060274733719997364
0.038475919807064995
0.018634873845294386
-0.008354722923942126
-0.03338295566152483
-0.05644803445792934
-0.07998868842667639
-0.11067074566335244
-0.1393843149850731
-0.1661276312113802
-0.1933394492539674
-0.21857750465282866
-0.2442805668115191
-0.27044689953112055
-0.29642084096204135
-0.20062613590841183
-0.13738662717459915
-0.10670061172588075
-0.06721498775837764
-0.06027947806798373
-0.04454099948570023
-0.019997886243760976
0.0022714411777763344
-0.008002703001921851
-0.009467275899497363
-0.00212065302711939
0.00295870286713823
0.016852470457314805
0.028482164396900378
0.037849363980256845
0.047924534101195015
0.025469001122415347
0.01183571564467012
0.007026207964193842
-3.8080753491820385E-5
0.0017244301989112198
0.0012351556425685972
-0.0015044268110313563
-0.00352395578618675
0.0032891974466476848
0.007856392341747287
0.010179050266159506
0.013227475482064488
0.014034162444669873
0.01556938557959009
0.01783450658523361
0.020035358037822637
0.008917955001088607
0.001503836171766304
-0.002205699700825292
-0.006769925351492123
-0.007627019436651394
-0.009336287732542192
-0.011896497567735698
-0.014084436163876057
-0.01256034685721158
-0.011883603744404753
-0.012053043201529279
-0.011845522214417259
-0.01248190984156694
-0.012739098996901982
-0.012615997907273968
-0.012438966315330757
-0.008540958080358818
-0.005481492304936858
-0.003259551696869145
-6.521408774873283E-4
0.001119722177667537
0.003278994378517669
0.0058266160855599824
0.008436074929799031
0.010213707983007525
0.012382393506667796
0.014942992664168597
0.017568913352659157
0.020588409482101597
0.02367484831072128
