%% ========================================================================
%% Programmatic octave notes on "Ripples in Mathematics" by A. Jensen
%% and A. la Cour-Harbo written with a deep gratitude to the authors for
%% this wonderful text. 
%% 
%% Reconstruction of graphs in ex 4.4, p.34, HWT, 3 scales, D7.
%%
%% Author: Vladimir Kulyukin
%% 
%% NB: I have tested this code in Octave 4.
%% =========================================================================
t = (1.0/512)*[0:511];

%%y_ex_4_3_chirp_512_p33 = arrayfun(@(x) sin(x*x), t);

y_ex_4_4_512_with_noise_hwt_d7_p34 = [
-0.02452275235104329
-0.02452275235104329
0.02452275235104329
0.02452275235104329
-0.024316136921721535
-0.024316136921721535
0.024316136921721535
0.024316136921721535
-0.023875343801291072
-0.023875343801291072
0.023875343801291072
0.023875343801291072
-0.023204618068463582
-0.023204618068463582
0.023204618068463582
0.023204618068463582
-0.022310419178702225
-0.022310419178702225
0.022310419178702225
0.022310419178702225
-0.021201358756134322
-0.021201358756134322
0.021201358756134322
0.021201358756134322
-0.019888117658903116
-0.019888117658903116
0.019888117658903116
0.019888117658903116
-0.018383343116665687
-0.018383343116665687
0.018383343116665687
0.018383343116665687
-0.016701526930857313
-0.016701526930857313
0.016701526930857313
0.016701526930857313
-0.014858865910721348
-0.014858865910721348
0.014858865910721348
0.014858865910721348
-0.012873105889182864
-0.012873105889182864
0.012873105889182864
0.012873105889182864
-0.010763370820775924
-0.010763370820775924
0.010763370820775924
0.010763370820775924
-0.008549978607508014
-0.008549978607508014
0.008549978607508014
0.008549978607508014
-0.006254245426355946
-0.006254245426355946
0.006254245426355946
0.006254245426355946
-0.003898280442829855
-0.003898280442829855
0.003898280442829855
0.003898280442829855
-0.0015047728876224182
-0.0015047728876224182
0.0015047728876224182
0.0015047728876224182
9.032264530853861E-4
9.032264530853861E-4
-9.032264530853861E-4
-9.032264530853861E-4
0.003302527229296142
0.003302527229296142
-0.003302527229296142
-0.003302527229296142
0.005670022862943709
0.005670022862943709
-0.005670022862943709
-0.005670022862943709
0.007982913076871533
0.007982913076871533
-0.007982913076871533
-0.007982913076871533
0.01021892347396466
0.01021892347396466
-0.01021892347396466
-0.01021892347396466
0.01235652005177181
0.01235652005177181
-0.01235652005177181
-0.01235652005177181
0.014375116586719451
0.014375116586719451
-0.014375116586719451
-0.014375116586719451
0.01625527289069895
0.01625527289069895
-0.01625527289069895
-0.01625527289069895
0.017978882030704843
0.017978882030704843
-0.017978882030704843
-0.017978882030704843
0.019529344708498386
0.019529344708498386
-0.019529344708498386
-0.019529344708498386
0.020891729120923387
0.020891729120923387
-0.020891729120923387
-0.020891729120923387
0.022052914761333194
0.022052914761333194
-0.022052914761333194
-0.022052914761333194
0.023001718777241626
0.023001718777241626
-0.023001718777241626
-0.023001718777241626
0.02372900366730669
0.02372900366730669
-0.02372900366730669
-0.02372900366730669
0.024227765280462915
0.024227765280462915
-0.024227765280462915
-0.024227765280462915
0.024493200269724562
0.024493200269724562
-0.024493200269724562
-0.024493200269724562
0.024522752351043352
0.024522752351043352
-0.024522752351043352
-0.024522752351043352
0.024316136921721417
0.024316136921721417
-0.024316136921721417
-0.024316136921721417
0.023875343801290954
0.023875343801290954
-0.023875343801290954
-0.023875343801290954
0.0232046180684637
0.0232046180684637
-0.0232046180684637
-0.0232046180684637
0.022310419178702304
0.022310419178702304
-0.022310419178702304
-0.022310419178702304
0.021201358756134204
0.021201358756134204
-0.021201358756134204
-0.021201358756134204
0.019888117658903155
0.019888117658903155
-0.019888117658903155
-0.019888117658903155
0.01838334311666588
0.01838334311666588
-0.01838334311666588
-0.01838334311666588
0.016701526930857233
0.016701526930857233
-0.016701526930857233
-0.016701526930857233
0.014858865910721584
0.014858865910721584
-0.014858865910721584
-0.014858865910721584
0.012873105889182746
0.012873105889182746
-0.012873105889182746
-0.012873105889182746
0.010763370820775855
0.010763370820775855
-0.010763370820775855
-0.010763370820775855
0.008549978607508005
0.008549978607508005
-0.008549978607508005
-0.008549978607508005
0.006254245426355943
0.006254245426355943
-0.006254245426355943
-0.006254245426355943
0.0038982804428298874
0.0038982804428298874
-0.0038982804428298874
-0.0038982804428298874
0.0015047728876223796
0.0015047728876223796
-0.0015047728876223796
-0.0015047728876223796
-9.032264530854094E-4
-9.032264530854094E-4
9.032264530854094E-4
9.032264530854094E-4
-0.0033025272292962204
-0.0033025272292962204
0.0033025272292962204
0.0033025272292962204
0.9895262972378638
0.9895262972378638
-0.9895262972378638
-0.9895262972378638
-0.007982913076871434
-0.007982913076871434
0.007982913076871434
0.007982913076871434
-0.010218923473964634
-0.010218923473964634
0.010218923473964634
0.010218923473964634
-0.012356520051771762
-0.012356520051771762
0.012356520051771762
0.012356520051771762
-0.01437511658671951
-0.01437511658671951
0.01437511658671951
0.01437511658671951
-0.016255272890698832
-0.016255272890698832
0.016255272890698832
0.016255272890698832
-0.017978882030704763
-0.017978882030704763
0.017978882030704763
0.017978882030704763
-0.0195293447084987
-0.0195293447084987
0.0195293447084987
0.0195293447084987
-0.020891729120923307
-0.020891729120923307
0.020891729120923307
0.020891729120923307
-0.022052914761333
-0.022052914761333
0.022052914761333
0.022052914761333
-0.023001718777241664
-0.023001718777241664
0.023001718777241664
0.023001718777241664
-0.02372900366730671
-0.02372900366730671
0.02372900366730671
0.02372900366730671
-0.024227765280462964
-0.024227765280462964
0.024227765280462964
0.024227765280462964
-0.024493200269724336
-0.024493200269724336
0.024493200269724336
0.024493200269724336
-0.024522752351043196
-0.024522752351043196
0.024522752351043196
0.024522752351043196
-0.02431613692172189
-0.02431613692172189
0.02431613692172189
0.02431613692172189
-0.023875343801290954
-0.023875343801290954
0.023875343801290954
0.023875343801290954
-0.023204618068463544
-0.023204618068463544
0.023204618068463544
0.023204618068463544
-0.022310419178702304
-0.022310419178702304
0.022310419178702304
0.022310419178702304
-0.021201358756134284
-0.021201358756134284
0.021201358756134284
0.021201358756134284
-0.019888117658903234
-0.019888117658903234
0.019888117658903234
0.019888117658903234
-0.01838334311666588
-0.01838334311666588
0.01838334311666588
0.01838334311666588
-0.016701526930857313
-0.016701526930857313
0.016701526930857313
0.016701526930857313
-0.014858865910721506
-0.014858865910721506
0.014858865910721506
0.014858865910721506
-0.012873105889182786
-0.012873105889182786
0.012873105889182786
0.012873105889182786
-0.010763370820775924
-0.010763370820775924
0.010763370820775924
0.010763370820775924
-0.008549978607508092
-0.008549978607508092
0.008549978607508092
0.008549978607508092
-0.006254245426355789
-0.006254245426355789
0.006254245426355789
0.006254245426355789
-0.003898280442829855
-0.003898280442829855
0.003898280442829855
0.003898280442829855
-0.0015047728876224182
-0.0015047728876224182
0.0015047728876224182
0.0015047728876224182
9.032264530853861E-4
9.032264530853861E-4
-9.032264530853861E-4
-9.032264530853861E-4
0.0033025272292960635
0.0033025272292960635
-0.0033025272292960635
-0.0033025272292960635
0.005670022862943552
0.005670022862943552
-0.005670022862943552
-0.005670022862943552
0.007982913076871455
0.007982913076871455
-0.007982913076871455
-0.007982913076871455
0.01021892347396458
0.01021892347396458
-0.01021892347396458
-0.01021892347396458
0.012356520051771888
0.012356520051771888
-0.012356520051771888
-0.012356520051771888
0.014375116586719371
0.014375116586719371
-0.014375116586719371
