%% ========================================================================
%% Programmatic octave notes on "Ripples in Mathematics" by A. Jensen
%% and A. la Cour-Harbo written with a deep gratitude to the authors for
%% this wonderful text. 
%% 
%% Reconstruction of graphs in ex 4.4, p.34, HWT, 5 scales, S6.
%%
%% Author: Vladimir Kulyukin
%% 
%% NB: I have tested this code in Octave 4.
%% =========================================================================
t = (1.0/1024)*[0:1023];

y_ex_4_4_1024_slow_var_removed_hwt_s6_p34 = [
-0.1878573174510975
-0.17558577916537757
-0.1633160889281852
-0.15105009450973866
-0.13878964312367947
-0.1265365811488889
-0.11429275385143006
-0.1020600051066576
-0.08984017712153688
-0.07763511015721443
-0.06544664225188129
-0.05327660894397132
-0.04112684299573574
-0.028999174117236043
-0.01689542869079627
-0.004817429495956538
0.0072330045650307595
0.019254058741121072
0.03124392270577231
0.04320079082957362
0.05512286245216638
0.06700834215341708
0.07885544002380088
0.09066237193395557
0.10242735980336484
0.1141486318681306
0.12582442294779403
0.13745297471116544
0.14903253594112256
0.16056136279833708
0.17203771908389062
0.18345987650074005
-0.16424780359850538
-0.15293919590254706
-0.1416899219586053
-0.130501675865958
-0.11937614253331308
-0.1083149974250675
-0.09731990630898862
-0.08639252500535516
-0.07553449913759752
-0.06474746388447244
-0.054033043733811126
-0.04339285223787759
-0.0328284917703735
-0.022341553285126214
-0.01193361607649801
-0.0016062475415486999
0.008638997056007014
0.018800574820017957
0.028876955454250175
0.0388666214928437
0.04876806852883819
0.05857980544073038
0.06830035461703166
0.07792825217879118
0.08746204820005032
0.09690030692619622
0.10624160699018159
0.11548454162657662
0.12462771888342317
0.13366976183185786
0.14260930877347167
0.15144501344537775
-0.11563305055808804
-0.1070090064608169
-0.0984927487931686
-0.09008556007222268
-0.08178870638967639
-0.07360343722117624
-0.06553098523815093
-0.05757256612217654
-0.049729378381898615
-0.04200260317254112
-0.03439340411802927
-0.02690292713575193
-0.019532300263990665
-0.012282633492040729
-0.0051550185930517856
0.001849471040389794
0.008729780557909739
0.01548487381020247
0.02211373350507151
0.0286153613606297
0.03498877825563662
0.0412330243769512
0.04734715936407585
0.053330262450771104
0.05918143260371944
0.06489978865821844
0.07048446945087983
0.07593463394931832
0.08124946137880784
0.08642815134588688
0.0914699239588952
0.09637401994542227
-0.049414213786415306
-0.044787665824486456
-0.0403009474629632
-0.035954734385127085
-0.03174968111468124
-0.027686420917180765
-0.02376556570466537
-0.019987705943508294
-0.01635341056549311
-0.012863226882136258
-0.009517680502262205
-0.006317275252849974
-0.0032624931031580706
-3.537940921419791E-4
0.002408383740826525
0.00502362442192561
0.007491534105528386
0.00981174113351424
0.011983896091239177
0.01400767186015639
0.01588276366707897
0.017608889130077965
0.019185788301007922
0.020613223704654016
0.021890980374494773
0.023018865885075956
0.023996710380988162
0.024824366602447134
0.02550170990747036
0.0260286382906475
0.026405072398502205
0.026630955541442458
0.024327489093275534
0.024252190932420037
0.024026307789479784
0.023649873681625078
0.02312294529844794
0.022445601993424713
0.02161794577196574
0.020640101276053535
0.019512215765472463
0.018234459095631594
0.0168070236919855
0.015230124521055544
0.013503999058056548
0.011628907251133969
0.009605131482216756
0.007432976524491819
0.0051127694965059645
0.0026448598129031886
2.9619131804103915E-5
-0.0027325587011642893
-0.005641257712180492
-0.008696039861872396
-0.011896445111284626
-0.015241991491158569
-0.01873217517451553
-0.022366470552530604
-0.02614433031368779
-0.030065185526203075
-0.03412844572370366
-0.038333498994149506
-0.04267971207198562
-0.04716643043350888
0.0943655522877529
0.08959987146652393
0.08469577547999685
0.07965400286698865
0.07447531289990961
0.06916048547042009
0.06371032097198137
0.05812564017932009
0.05240728412482121
0.04655611397187276
0.04057301088517762
0.034458875898052965
0.028214629776738276
0.021841212881731353
0.015339585026173386
0.008710725331304348
0.0019556320790115045
-0.004924677438508662
-0.01192916707195013
-0.019056781970939074
-0.0263064487428889
-0.033677075614650276
-0.041167552596927504
-0.04877675165143924
-0.05650352686079674
-0.06434671460107477
-0.07230513371704916
-0.08037758570007458
-0.08856285486857485
-0.09685970855112103
-0.10526689727206695
-0.11378315493971514
0.15003731557228184
0.14130678379470718
0.13247107912280132
0.12353153218118751
0.11448948923275282
0.10534631197590627
0.09610337733951091
0.08676207727552565
0.07732381854937975
0.06779002252812061
0.058162124966361195
0.04844157579005981
0.03862983887816773
0.02872839184217324
0.018738725803579714
0.008662345169347718
-0.0014992325946635576
-0.011744477192219382
-0.022071845727168582
-0.032479782935796786
-0.04296672142104396
-0.05353108188854805
-0.06417127338448159
-0.07488569353514285
-0.08567272878826787
-0.09653075465602551
-0.10745813595965886
-0.11845322707573819
-0.1295143721839837
-0.14063990551662858
-0.15182815160927582
-0.16307742555321758
0.18286725765258324
0.17150101923933106
0.16007886182248168
0.14860250553692814
0.13707367867971368
0.1254941174497566
0.11386556568638476
0.10218977460672138
0.09046850254195574
0.07870351467254652
0.06689658276239183
0.05504948489200803
0.043164005190757415
0.03124193356816468
0.019285065444363397
0.007295201479712188
-0.004725852696378041
-0.016776286757365755
-0.028854285952205433
-0.04095803137864518
-0.05308570025714485
-0.06523546620538037
-0.0774054995132903
-0.08959396741862341
-0.10179903438294582
-0.11401886236806649
-0.12625161111283892
-0.13849543841029816
-0.1507485003850887
-0.16300895177114783
-0.17527494618959433
-0.18754463642678665
0.18785731745109768
0.17558577916537765
0.1633160889281854
0.15105009450973883
0.1387896431236797
0.12653658114888922
0.11429275385143
0.10206000510665758
0.08984017712153691
0.07763511015721447
0.06544664225188135
0.05327660894397146
0.04112684299573588
0.028999174117236293
0.01689542869079652
0.00481742949595676
-0.007233004565030954
-0.019254058741121072
-0.031243922705772365
-0.04320079082957362
-0.055122862452166355
-0.067008342153417
-0.07885544002380074
-0.09066237193395543
-0.10242735980336459
-0.11414863186813029
-0.12582442294779372
-0.13745297471116558
-0.14903253594112253
-0.1605613627983371
-0.17203771908389065
-0.18345987650073992
0.1642478035985055
0.15293919590254718
0.14168992195860536
0.13050167586595823
0.11937614253331325
0.10831499742506784
0.0973199063089884
0.08639252500535505
0.07553449913759741
0.06474746388447244
0.05403304373381118
0.043392852237877644
0.03282849177037356
0.02234155328512638
0.011933616076498177
0.0016062475415489774
-0.008638997056006847
-0.018800574820018123
-0.02887695545425023
-0.038866621492843756
-0.04876806852883814
-0.058579805440730326
-0.0683003546170316
-0.07792825217879112
-0.08746204820005016
-0.09690030692619617
-0.10624160699018143
-0.11548454162657668
-0.12462771888342333
-0.13366976183185791
-0.14260930877347172
-0.1514450134453777
0.11563305055808815
0.10700900646081712
0.09849274879316883
0.0900855600722229
0.08178870638967672
0.07360343722117657
0.06553098523815137
0.05757256612217665
0.04972937838189895
0.04200260317254123
0.03439340411802971
0.026902927135752153
0.019532300263990554
0.01228263349204095
0.0051550185930517856
-0.001849471040389461
-0.008729780557909628
-0.015484873810202249
-0.02211373350507151
-0.028615361360629255
-0.0349887782556364
-0.041233024376950866
-0.04734715936407574
-0.053330262450771104
-0.05918143260371933
-0.06489978865821844
-0.0704844694508796
-0.07593463394931821
-0.08124946137880751
-0.08642815134588677
-0.09146992395889486
-0.09637401994542205
0.049414213786415764
0.0447876658244868
0.040300947462963324
0.03595473438512743
0.031749681114681474
0.027686420917181112
0.023765565704665606
0.01998770594350853
