%% ========================================================================
%% Programmatic octave notes on "Ripples in Mathematics" by A. Jensen
%% and A. la Cour-Harbo written with a deep gratitude to the authors for
%% this wonderful text. 
%% 
%% Reconstruction of graphs in ex 4.4, p.34, CDF44, 3 scales, D6.
%%
%% Author: Vladimir Kulyukin
%% 
%% NB: I have tested this code in Octave 4.
%% =========================================================================
t = (1.0/512)*[0:511];

%%y_ex_4_3_chirp_512_p33 = arrayfun(@(x) sin(x*x), t);

y_ex_4_4_512_with_noise_cdf44_d6_p34 = [
2.9605771028702496E-4
9.94743863742985E-6
-5.212567378135755E-5
-1.742293620906027E-4
-2.2008697677624824E-4
-2.863746653153812E-4
-3.730924277080016E-4
-4.543359683102718E-4
1.4876620081192638E-4
5.684984896697497E-4
8.048608982631983E-4
0.0010903571181896776
-6.253835955238711E-5
-8.300179435045338E-4
-0.0012120816336667628
-0.001697417201320119
-4.242310331143979E-6
0.0011052024625618636
0.0016309171173589038
0.0023130417858974817
9.741357175720384E-5
-0.001341764097604317
-0.0020044912221870805
-0.002875267643206017
-1.5708779186735433E-4
0.0015994341246224775
0.0023942981062634776
0.003446837554942203
2.53621954134397E-4
-0.0018019470099031318
-0.0027198693371703834
-0.003942623162032213
-3.038964776580431E-4
0.0020322004302466977
0.0030656675616820093
0.004448173289759038
4.0008378704696295E-4
-0.002192882109154865
-0.0033307243988464465
-0.004858465883789911
-4.3902659223935795E-4
0.0023868704130077262
0.003619225131951341
0.005278568219614814
5.311706243928778E-4
-0.002499545978734294
-0.0038135815897667002
-0.005587600486292757
-5.572851610898277E-4
0.0026498143043693677
0.00403369791008483
0.00590611073304624
6.418448725274122E-4
-0.002710153698112478
-0.004149884978873431
-0.006102006735669895
-6.541275737289025E-4
0.0028109273180468228
0.0042931579396572805
0.00630668472319135
7.278533821613419E-4
-0.002816611730743848
-0.00432671061552422
-0.006381916288239785
-7.258322305483821E-4
0.002864017971278065
0.0043876343172395554
0.006464896356253904
7.858908945037226E-4
-0.002814828954136841
-0.004337263189667786
-0.0064165723768726726
-7.696435617993258E-4
0.0028070460200329177
0.0043134963686240575
0.0063746656479013765
8.137270605030687E-4
-0.002704873879396598
-0.004181137171797624
-0.0062046431875175875
-7.838779225914762E-4
0.002642200864447319
0.0040735931735988
0.006039460113653466
8.102921519106094E-4
-0.0024909720183818587
-0.0038643323972239385
-0.005754273040070049
-7.679882944221663E-4
0.002375817411404368
0.0036771440774095543
0.005472161514206139
7.757181703372845E-4
-0.0021813434996539607
-0.0033990234957675964
-0.00508276940672623
-7.225853067909741E-4
0.002018132627615038
0.003139384396491805
0.004694570816591659
7.113337745057579E-4
-0.0017878871735458879
-0.0028030920275632773
-0.004215937795531934
-6.494137710504474E-4
0.001582892138728097
0.0024809799338036975
0.0037365703952409266
6.196132206404631E-4
-0.001325723346017086
-0.0020994393047317214
-0.0031870900591803204
0.0028666831217162257
0.007006917526328749
0.009233613154657254
0.011973039952776696
0.010757987528189083
0.010602534617811478
0.011506681221643882
0.012126908991343301
-0.03539414980714876
-0.07001578974709864
-0.09173801082850641
-0.11691662077589128
-0.07547343103946194
-0.051881498726618645
-0.04614082383736139
-0.03561691893757417
0.10624939187803703
0.21292261109654245
0.2844027387179422
0.3653128268119408
0.09198693892138626
-0.08642170527405671
-0.16991310577438803
-0.2788375050706126
-0.11058671275171031
-0.016604789188022925
0.003108265620449531
0.042721603834654856
0.009321095111049595
-0.004515412289279725
0.0012120816336669065
0.0016974172013203314
4.242310331152273E-6
-0.0011052024625619866
-0.0016309171173590849
-0.002313041785897741
-9.741357175727908E-5
0.0013417640976043552
0.002004491222187162
0.0028752676432061606
1.5708779186743706E-4
-0.0015994341246224225
-0.002394298106263418
-0.0034468375549421473
-2.536219541343917E-4
0.0018019470099030989
0.002719869337170325
0.003942623162032126
3.0389647765803954E-4
-0.0020322004302466474
-0.003065667561681935
-0.004448173289758932
-4.000837870469235E-4
0.0021928821091548646
0.003330724398846433
0.0048584658837898765
4.390265922393035E-4
-0.002386870413007801
-0.003619225131951436
-0.00527856821961493
-5.311706243929196E-4
0.002499545978734301
0.0038135815897667306
0.005587600486292817
5.572851610898826E-4
-0.002649814304369309
-0.004033697910084759
-0.005906110733046157
-6.418448725273951E-4
0.00271015369811245
0.004149884978873379
0.006102006735669813
0.020733237721004823
0.031967111627806924
0.03980362845607612
0.048550464369938366
0.05950947705966652
0.0698757387687865
0.07964924949729835
0.08958158737237688
-0.10339895292432258
-0.24200915138101933
-0.3262490079977134
-0.42505735380264026
-0.1425395617662498
0.037802199582680766
0.11596793024415136
0.22151164581414443
0.1855273717195792
0.18746540816203258
0.22732575514150472
0.25702484963746036
0.07529872548940189
-0.049776182063419445
-0.11819987302100365
-0.2018032117155222
-0.10334090723227954
-0.0536629448079709
-0.05276932444259634
-0.03880397901924673
-0.010389451760268155
0.014153428894563195
0.03482466294524731
0.05653330157689136
0.02084709844169805
5.397968076408782E-4
-0.004388603325280149
-0.013437767695908383
-0.0024590488245562173
0.0031532149060024862
0.003399023495767725
0.005082769406726419
7.225853067909747E-4
-0.0020181326276151592
-0.0031393843964919823
-0.00469457081659191
-7.113337745058276E-4
0.001787887173545931
0.0028030920275633653
0.004215937795532085
6.494137710505136E-4
-0.0015828921387280753
-0.0024809799338036823
-0.003736570395240927
-6.196132206404933E-4
0.0013257233460170301
0.0020994393047316425
0.003187090059180219
5.512856282838258E-4
-0.0010868219926459068
-0.0017272328036089784
-0.0026349756690937235
-5.040812781889816E-4
8.12612713775075E-4
0.0013151063067984462
0.0020357642391950715
4.319718879866537E-4
-5.489858868834986E-4
-9.071090854153857E-4
-0.0014321203056952912
-3.6917777490885913E-4
2.6827383066137586E-4
4.802345110154137E-4
8.062051411679026E-4
2.96057710286876E-4
9.9474386368559E-6
-5.2125673782157455E-5
-1.7422936209168186E-4
-2.2008697677653648E-4
-2.8637466531516526E-4
-3.7309242770756825E-4
-4.543359683095442E-4
1.4876620081225787E-4
5.6849848966987E-4
8.048608982632925E-4
0.0010903571181896962
-6.253835955239323E-5
-8.300179435045785E-4
-0.0012120816336668593
-0.001697417201320264
-4.2423103311239755E-6
0.0011052024625619913
0.0016309171173590823
0.0023130417858977263
9.741357175734966E-5
-0.0013417640976042255
-0.0020044912221869994
-0.0028752676432059576
-1.5708779186751306E-4
0.0015994341246221531
0.0023942981062630405
0.0034468375549416394
2.5362195413434823E-4
-0.0018019470099028374
-0.002719869337169918
-0.003942623162031531
-3.038964776579955E-4
0.0020322004302463386
0.003065667561681472
0.004448173289758261
4.000837870468183E-4
-0.002192882109154611
-0.003330724398846028
-0.004858465883789265
-4.390265922391799E-4
0.002386870413007622
0.003619225131951141
0.005278568219614469
5.311706243928958E-4
-0.002499545978734049
-0.003813581589766366
-0.005587600486292295
-5.572851610899016E-4
0.002649814304368936
0.004033697910084218
0.0059061107330453996
6.418448725272197E-4
-0.002710153698112258
-0.004149884978873033
-0.006102006735669257
-6.541275737286503E-4
0.0028109273180468566
0.004293157939657264
0.006306684723191239
7.278533821614111E-4
-0.0028166117307436727
-0.004326710615524012
-0.006381916288239525
-7.258322305485013E-4
0.002864017971277681
0.004387634317239022
0.0064648963562531905
7.858908945035904E-4
-0.002814828954136596
-0.004337263189667368
-0.006416572376872027
-7.69643561799182E-4
0.0028070460200327555
0.004313496368623785
0.006374665647900942
8.137270605029865E-4
-0.0027048738793964654
-0.0041811371717974145
-0.006204643187517265
-7.838779225914025E-4
0.002642200864447242
0.004073593173598668
0.0060394601136532534
8.102921519105737E-4
-0.0024909720183817867
-0.0038643323972238275
