%% ========================================================================
%% Programmatic octave notes on "Ripples in Mathematics" by A. Jensen
%% and A. la Cour-Harbo written with a deep gratitude to the authors for
%% this wonderful text. 
%% 
%% Reconstruction of graphs in ex 4.4, p.34, HWT, 3 scales, S6.
%%
%% Author: Vladimir Kulyukin
%% 
%% NB: I have tested this code in Octave 4.
%% =========================================================================
t = (1.0/512)*[0:511];

%%y_ex_4_3_chirp_512_p33 = arrayfun(@(x) sin(x*x), t);

y_ex_4_4_512_with_noise_hwt_s6_p34 = [
0.08566170564930468
0.08566170564930468
0.08566170564930468
0.08566170564930468
0.08566170564930468
0.08566170564930468
0.08566170564930468
0.08566170564930468
0.27807947589146526
0.27807947589146526
0.27807947589146526
0.27807947589146526
0.27807947589146526
0.27807947589146526
0.27807947589146526
0.27807947589146526
0.4598108078238835
0.4598108078238835
0.4598108078238835
0.4598108078238835
0.4598108078238835
0.4598108078238835
0.4598108078238835
0.4598108078238835
0.6238718682765019
0.6238718682765019
0.6238718682765019
0.6238718682765019
0.6238718682765019
0.6238718682765019
0.6238718682765019
0.6238718682765019
0.7639578827026285
0.7639578827026285
0.7639578827026285
0.7639578827026285
0.7639578827026285
0.7639578827026285
0.7639578827026285
0.7639578827026285
0.87468542412901
0.87468542412901
0.87468542412901
0.87468542412901
0.87468542412901
0.87468542412901
0.87468542412901
0.87468542412901
0.9517992952353505
0.9517992952353505
0.9517992952353505
0.9517992952353505
0.9517992952353505
0.9517992952353505
0.9517992952353505
0.9517992952353505
0.9923360532009908
0.9923360532009908
0.9923360532009908
0.9923360532009908
0.9923360532009908
0.9923360532009908
0.9923360532009908
0.9923360532009908
0.994737893150587
0.994737893150587
0.994737893150587
0.994737893150587
0.994737893150587
0.994737893150587
0.994737893150587
0.994737893150587
0.9589125137218434
0.9589125137218434
0.9589125137218434
0.9589125137218434
0.9589125137218434
0.9589125137218434
0.9589125137218434
0.9589125137218434
0.8862366641551027
0.8862366641551027
0.8862366641551027
0.8862366641551027
0.8862366641551027
0.8862366641551027
0.8862366641551027
0.8862366641551027
0.7795032365921284
0.7795032365921284
0.7795032365921284
0.7795032365921284
0.7795032365921284
0.7795032365921284
0.7795032365921284
0.7795032365921284
0.6428139367973701
0.6428139367973701
0.6428139367973701
0.6428139367973701
0.6428139367973701
0.6428139367973701
0.6428139367973701
0.6428139367973701
0.4814216579056977
0.4814216579056977
0.4814216579056977
0.4814216579056977
0.4814216579056977
0.4814216579056977
0.4814216579056977
0.4814216579056977
0.30152861468508557
0.30152861468508557
0.30152861468508557
0.30152861468508557
0.30152861468508557
0.30152861468508557
0.30152861468508557
0.30152861468508557
0.11004799590132083
0.11004799590132083
0.11004799590132083
0.11004799590132083
0.11004799590132083
0.11004799590132083
0.11004799590132083
0.11004799590132083
0.9143382943506954
0.9143382943506954
0.9143382943506954
0.9143382943506954
0.9143382943506954
0.9143382943506954
0.9143382943506954
0.9143382943506954
0.7219205241085348
0.7219205241085348
0.7219205241085348
0.7219205241085348
0.7219205241085348
0.7219205241085348
0.7219205241085348
0.7219205241085348
0.5401891921761165
0.5401891921761165
0.5401891921761165
0.5401891921761165
0.5401891921761165
0.5401891921761165
0.5401891921761165
0.5401891921761165
0.3761281317234981
0.3761281317234981
0.3761281317234981
0.3761281317234981
0.3761281317234981
0.3761281317234981
0.3761281317234981
0.3761281317234981
0.2360421172973714
0.2360421172973714
0.2360421172973714
0.2360421172973714
0.2360421172973714
0.2360421172973714
0.2360421172973714
0.2360421172973714
0.12531457587099007
0.12531457587099007
0.12531457587099007
0.12531457587099007
0.12531457587099007
0.12531457587099007
0.12531457587099007
0.12531457587099007
0.04820070476464949
0.04820070476464949
0.04820070476464949
0.04820070476464949
0.04820070476464949
0.04820070476464949
0.04820070476464949
0.04820070476464949
0.007663946799009225
0.007663946799009225
0.007663946799009225
0.007663946799009225
0.007663946799009225
0.007663946799009225
0.007663946799009225
0.007663946799009225
0.005262106849413001
0.005262106849413001
0.005262106849413001
0.005262106849413001
0.005262106849413001
0.005262106849413001
0.005262106849413001
0.005262106849413001
0.5386856463285602
0.5386856463285602
0.5386856463285602
0.5386856463285602
0.5386856463285602
0.5386856463285602
0.5386856463285602
0.5386856463285602
0.11376333584489726
0.11376333584489726
0.11376333584489726
0.11376333584489726
0.11376333584489726
0.11376333584489726
0.11376333584489726
0.11376333584489726
0.22049676340787147
0.22049676340787147
0.22049676340787147
0.22049676340787147
0.22049676340787147
0.22049676340787147
0.22049676340787147
0.22049676340787147
0.35718606320262974
0.35718606320262974
0.35718606320262974
0.35718606320262974
0.35718606320262974
0.35718606320262974
0.35718606320262974
0.35718606320262974
0.5185783420943021
0.5185783420943021
0.5185783420943021
0.5185783420943021
0.5185783420943021
0.5185783420943021
0.5185783420943021
0.5185783420943021
0.6984713853149144
0.6984713853149144
0.6984713853149144
0.6984713853149144
0.6984713853149144
0.6984713853149144
0.6984713853149144
0.6984713853149144
0.8899520040986791
0.8899520040986791
0.8899520040986791
0.8899520040986791
0.8899520040986791
0.8899520040986791
0.8899520040986791
0.8899520040986791
1.085661705649304
1.085661705649304
1.085661705649304
1.085661705649304
1.085661705649304
1.085661705649304
1.085661705649304
1.085661705649304
1.2780794758914649
1.2780794758914649
1.2780794758914649
1.2780794758914649
1.2780794758914649
1.2780794758914649
1.2780794758914649
1.2780794758914649
1.4598108078238836
1.4598108078238836
1.4598108078238836
1.4598108078238836
1.4598108078238836
1.4598108078238836
1.4598108078238836
1.4598108078238836
1.6238718682765019
1.6238718682765019
1.6238718682765019
1.6238718682765019
1.6238718682765019
1.6238718682765019
1.6238718682765019
1.6238718682765019
1.7639578827026285
1.7639578827026285
1.7639578827026285
1.7639578827026285
1.7639578827026285
1.7639578827026285
1.7639578827026285
1.7639578827026285
1.87468542412901
1.87468542412901
1.87468542412901
1.87468542412901
1.87468542412901
1.87468542412901
1.87468542412901
1.87468542412901
1.9517992952353505
1.9517992952353505
1.9517992952353505
1.9517992952353505
1.9517992952353505
1.9517992952353505
1.9517992952353505
1.9517992952353505
1.9923360532009908
1.9923360532009908
1.9923360532009908
1.9923360532009908
1.9923360532009908
1.9923360532009908
1.9923360532009908
1.9923360532009908
1.9947378931505872
1.9947378931505872
1.9947378931505872
1.9947378931505872
1.9947378931505872
1.9947378931505872
1.9947378931505872
1.9947378931505872
1.9589125137218435
1.9589125137218435
1.9589125137218435
1.9589125137218435
1.9589125137218435
1.9589125137218435
1.9589125137218435
1.9589125137218435
1.8862366641551027
1.8862366641551027
1.8862366641551027
1.8862366641551027
1.8862366641551027
1.8862366641551027
1.8862366641551027
1.8862366641551027
1.7795032365921286
1.7795032365921286
1.7795032365921286
1.7795032365921286
1.7795032365921286
1.7795032365921286
1.7795032365921286
1.7795032365921286
1.6428139367973704
1.6428139367973704
1.6428139367973704
1.6428139367973704
1.6428139367973704
1.6428139367973704
1.6428139367973704
1.6428139367973704
1.4814216579056978
1.4814216579056978
1.4814216579056978
1.4814216579056978
1.4814216579056978
1.4814216579056978
1.4814216579056978
1.4814216579056978
1.3015286146850857
1.3015286146850857
1.3015286146850857
1.3015286146850857
1.3015286146850857
1.3015286146850857
1.3015286146850857
1.3015286146850857
1.110047995901321
1.110047995901321
1.110047995901321
1.110047995901321
1.110047995901321
1.110047995901321
1.110047995901321
1.110047995901321
-0.08566170564930446
-0.08566170564930446
-0.08566170564930446
