%% ========================================================================
%% Programmatic octave notes on "Ripples in Mathematics" by A. Jensen
%% and A. la Cour-Harbo written with a deep gratitude to the authors for
%% this wonderful text. 
%% 
%% Reconstruction of graphs in ex 4.4, p.34, CDF44, 4 scales, D5.
%%
%% Author: Vladimir Kulyukin
%% 
%% NB: I have tested this code in Octave 4.
%% =========================================================================
t = (1.0/512)*[0:511];

%%y_ex_4_3_chirp_512_p33 = arrayfun(@(x) sin(x*x), t);

y_ex_4_4_512_with_noise_cdf44_d5_p34 = [
0.003448230427043276
0.0016288816478709552
9.207595924656807E-4
-8.511476618085624E-5
2.02375989396536E-5
-1.72162339181099E-4
-6.623145805431137E-4
-0.0010726843327071253
-0.0014187994423611808
-0.0017821315315857287
-0.002162680600380771
-0.0025386163934037953
-0.0029317691659973143
-0.003320308662818816
-0.003704234883868301
-0.004089397228435358
-4.5488374919552474E-4
0.0021025608392203445
0.0035829365368122493
0.00535191197389312
0.0060438185201500275
0.0070243248058959006
0.00829343083113074
0.009485206789233676
0.0027238761335683474
-0.0019064260276191545
-0.004405699694328828
-0.007475980725181545
-0.008415233261556439
-0.009925493162074372
-0.012006760426735355
-0.01393502672930198
-0.0042887459981505545
0.0022561442025600736
0.005699643872829902
0.009974158631144873
0.011147282859019048
0.013151422174938364
0.015986576578902824
0.018599061161127504
0.006451866260160818
-0.001740484442742533
-0.005977990947582546
-0.01127519476148454
-0.012617554377323195
-0.015019611302223831
-0.018481365536186452
-0.021659174731964475
-0.007469685546466542
0.0020662500630581563
0.006948632096609617
0.013077930052778066
0.014553674432973283
0.017276334735785485
0.021245910961214688
0.024881377072149147
0.00919761823495721
-0.001309569878989062
-0.006640187269689667
-0.013357862605246539
-0.014898967217557745
-0.01782712977472522
-0.02214235027674896
-0.026085909722593288
-0.009513433183201183
0.0015617880820589683
0.0071397540731871646
0.014190705175606746
0.015744401003894373
0.018771081943473385
0.023270747994343786
0.027375728874180588
0.010543116210098114
-6.792851724401012E-4
-0.00629147527343406
-0.013406916956685774
-0.014912147358393232
-0.017920629342358444
-0.022432362908581416
-0.026541301427317608
-0.010108846857279846
8.195580232106927E-4
0.006243913214154004
0.013143074074512264
0.014538185245323297
0.017408102085549278
0.02175282459519021
0.025702374116718562
0.010283520315838195
5.441454387751683E-5
-0.0049849431991634725
-0.0114148897354745
-0.01265508824286584
-0.015285875543527219
-0.019307251637458642
-0.02295602058722958
-0.006247135145611932
0.005006933242041247
0.010806184575729955
0.018067049733887956
0.01987309783808149
0.02314075976674431
0.027870035519876435
0.03220767302909583
0.02091284664833977
0.01380672634261131
0.010889312111910472
0.006849537471074644
0.006998468905266436
0.0060250399293232376
0.003929250543245051
0.0021341967226791974
-0.02748499929968259
-0.04964873888898443
-0.06435702204522634
-0.08106298873191206
-0.09031349898553788
-0.10156169276960747
-0.11480757008412093
-0.12751816970991894
-0.09102447705322
-0.06771503477776102
-0.05758984288354204
-0.04393194174686007
-0.04345829099141813
-0.0394519309935132
-0.03191286175314528
-0.02532037910138929
0.0648855736267092
0.13268736457148786
0.17808499373294673
0.22948579995134233
0.25848244438641815
0.29348226587843074
0.3344852644273801
0.37387971653190216
0.17666948917762437
0.04285729460975658
-0.02755686717170108
-0.11495848063999917
-0.13896206132188718
-0.1799530936906156
-0.23793157774618445
-0.29135828784080164
-0.16142899987557077
-0.08062980351787868
-0.04896069876772538
-0.0041272256472649795
-0.0084238441343434
4.43905748885282E-4
0.022476024002421074
0.04098076038226726
0.01723144287751903
0.0048040649880890084
0.00369862671397721
-4.405161368130426E-4
0.006742280627714923
0.010891372815564434
0.012006760426735496
0.013935026729302148
0.003033801613945862
-0.004429771636675952
-0.008455693022563295
-0.013402730449465583
-0.014912116011633407
-0.017342617614816168
-0.02069423525901387
-0.023799040603886268
-0.011807905131273527
-0.0038617148096939486
3.953036085246496E-5
0.0050246153180464005
0.00596475512420717
0.007988734717015462
0.011096554096471273
0.01391395948037016
-7.248659229908104E-4
-0.010686308384014201
-0.01597036790270001
-0.02250772840347628
-0.02436770596191498
-0.02748098450244413
-0.03184756402506375
-0.035878322561659085
-0.04064513693103964
-0.04521472573444116
-0.04958708897186368
-0.05401229864041703
-0.058240282742991395
-0.06252111327669659
-0.06685479024153262
-0.07117430704782428
0.025909211812436463
0.09582186915578014
0.13856366498220682
0.18858587120974923
0.21143721592037468
0.24156897103211586
0.2789811365449728
0.3144425219702836
0.15748008957475718
0.05207746376883752
-0.0017653554474752822
-0.06942358320137812
-0.08552200436567413
-0.11543583406756014
-0.1591650723070362
-0.19919248298575895
-0.1347034144316973
-0.0982194520838044
-0.08974059594208031
-0.07375779420846544
-0.08578009868101942
-0.09029845756168262
-0.08731287085045507
-0.08633796030062171
-0.04173103901192067
-0.008815279764845294
0.012409317440604407
0.0367665520736891
0.049432624665148125
0.06523133468424214
0.08416268213097114
0.10225464190878583
0.05261516809720161
0.02112427721809904
0.0077819692714781305
-0.010423236815670499
-0.010479859970337466
-0.015399381265532147
-0.02518180070125455
-0.03366121050734774
-0.01381439054494823
-0.0015575609736347635
0.0031092782065926562
0.009809849182671563
0.008920429767664422
0.010064742148508766
0.013242786325204597
0.015875893709580525
0.006826382779051299
9.072199914819507E-4
-0.001881594653127518
-0.00550918355467135
-0.006006424313255303
-0.0073424393287736195
-0.0095172286012263
-0.011467268988901403
-0.005345475664640394
-0.001386523664930975
4.0958701022684985E-4
0.002785229271654934
0.002998030208531425
0.0037903627316781745
0.005162226841095183
0.0063788059299827475
0.003448230427043266
0.0016288816478708622
9.207595924655392E-4
-8.511476618105557E-5
2.023759893942955E-5
-1.721623391813566E-4
-6.62314580543414E-4
-0.0010726843327074657
-0.001418799442361321
-0.0017821315315857337
-0.002162680600380704
-0.00253861639340364
-0.002931769165997135
-0.003320308662818595
-0.0037042348838680203
-0.004089397228435024
-4.5488374919540526E-4
0.0021025608392203216
0.0035829365368121556
0.005351911973892936
0.006043818520149826
0.007024324805895661
0.008293430831130443
0.00948520678923333
0.0027238761335681514
-0.0019064260276192534
-0.004405699694328885
-0.007475980725181547
-0.008415233261556436
-0.009925493162074353
-0.012006760426735303
-0.013935026729301902
-0.004288745998150423
0.002256144202560252
0.0056996438728301214
0.009974158631145135
0.011147282859019343
0.013151422174938693
0.01598657657890319
0.01859906116112791
0.006451866260160995
-0.0017404844427425128
-0.00597799094758261
-0.011275194761484707
-0.0126175543773234
-0.015019611302224088
-0.018481365536186782
-0.02165917473196487
-0.007469685546466711
0.0020662500630581355
0.006948632096609665
0.013077930052778205
0.014553674432973432
0.01727633473578567
0.02124591096121492
0.024881377072149432
0.00919761823495736
-0.0013095698789889962
-0.006640187269689636
-0.013357862605246556
-0.014898967217557763
-0.017827129774725246
-0.022142350276749018
-0.026085909722593364
-0.009513433183201286
0.0015617880820588395
0.007139754073187012
0.014190705175606569
0.015744401003894175
0.018771081943473163
0.02327074799434354
0.027375728874180317
0.010543116210097979
-6.792851724401455E-4
-0.006291475273434054
-0.01340691695668571
-0.014912147358393149
-0.01792062934235833
-0.02243236290858126
-0.026541301427317414
-0.010108846857279707
8.195580232108041E-4
0.0062439132141541105
0.01314307407451236
0.014538185245323406
0.017408102085549392
0.02175282459519033
0.025702374116718687
0.010283520315838292
5.441454387759663E-5
-0.004984943199163402
-0.011414889735474443
