%% ========================================================================
%% Programmatic octave notes on "Ripples in Mathematics" by A. Jensen
%% and A. la Cour-Harbo written with a deep gratitude to the authors for
%% this wonderful text. 
%% 
%% Reconstruction of graphs in ex 4.3, p.34, HWT, 5 scales, D8.
%%
%% Author: Vladimir Kulyukin
%% 
%% NB: I have tested this code in Octave 4.
%% =========================================================================
t = (1.0/1024)*[0:1023];

y_ex_4_4_1024_with_noise_hwt_d8_p34 = [
-0.024516287102967858
-0.024516287102967858
-0.024516287102967858
-0.024516287102967858
0.024516287102967858
0.024516287102967858
0.024516287102967858
0.024516287102967858
-0.02429495789685993
-0.02429495789685993
-0.02429495789685993
-0.02429495789685993
0.02429495789685993
0.02429495789685993
0.02429495789685993
0.02429495789685993
-0.023839654965230283
-0.023839654965230283
-0.023839654965230283
-0.023839654965230283
0.023839654965230283
0.023839654965230283
0.023839654965230283
0.023839654965230283
-0.023154763124204412
-0.023154763124204412
-0.023154763124204412
-0.023154763124204412
0.023154763124204412
0.023154763124204412
0.023154763124204412
0.023154763124204412
-0.02224687825661145
-0.02224687825661145
-0.02224687825661145
-0.02224687825661145
0.02224687825661145
0.02224687825661145
0.02224687825661145
0.02224687825661145
-0.021124743790026514
-0.021124743790026514
-0.021124743790026514
-0.021124743790026514
0.021124743790026514
0.021124743790026514
0.021124743790026514
0.021124743790026514
-0.019799166492784067
-0.019799166492784067
-0.019799166492784067
-0.019799166492784067
0.019799166492784067
0.019799166492784067
0.019799166492784067
0.019799166492784067
-0.018282912398890735
-0.018282912398890735
-0.018282912398890735
-0.018282912398890735
0.018282912398890735
0.018282912398890735
0.018282912398890735
0.018282912398890735
-0.016590583864139582
-0.016590583864139582
-0.016590583864139582
-0.016590583864139582
0.016590583864139582
0.016590583864139582
0.016590583864139582
0.016590583864139582
-0.01473847893744101
-0.01473847893744101
-0.01473847893744101
-0.01473847893744101
0.01473847893744101
0.01473847893744101
0.01473847893744101
0.01473847893744101
-0.012744434401702752
-0.012744434401702752
-0.012744434401702752
-0.012744434401702752
0.012744434401702752
0.012744434401702752
0.012744434401702752
0.012744434401702752
-0.010627653995859519
-0.010627653995859519
-0.010627653995859519
-0.010627653995859519
0.010627653995859519
0.010627653995859519
0.010627653995859519
0.010627653995859519
-0.008408523472369532
-0.008408523472369532
-0.008408523472369532
-0.008408523472369532
0.008408523472369532
0.008408523472369532
0.008408523472369532
0.008408523472369532
-0.00610841427127423
-0.00610841427127423
-0.00610841427127423
-0.00610841427127423
0.00610841427127423
0.00610841427127423
0.00610841427127423
0.00610841427127423
-0.003749477701547543
-0.003749477701547543
-0.003749477701547543
-0.003749477701547543
0.003749477701547543
0.003749477701547543
0.003749477701547543
0.003749477701547543
-0.001354431611882034
-0.001354431611882034
-0.001354431611882034
-0.001354431611882034
0.001354431611882034
0.001354431611882034
0.001354431611882034
0.001354431611882034
0.0010536583946135767
0.0010536583946135767
0.0010536583946135767
0.0010536583946135767
-0.0010536583946135767
-0.0010536583946135767
-0.0010536583946135767
-0.0010536583946135767
0.0034516010947807647
0.0034516010947807647
0.0034516010947807647
0.0034516010947807647
-0.0034516010947807647
-0.0034516010947807647
-0.0034516010947807647
-0.0034516010947807647
0.005816302989568199
0.005816302989568199
0.005816302989568199
0.005816302989568199
-0.005816302989568199
-0.005816302989568199
-0.005816302989568199
-0.005816302989568199
0.008124990707051248
0.008124990707051248
0.008124990707051248
0.008124990707051248
-0.008124990707051248
-0.008124990707051248
-0.008124990707051248
-0.008124990707051248
0.01035543032245395
0.01035543032245395
0.01035543032245395
0.01035543032245395
-0.01035543032245395
-0.01035543032245395
-0.01035543032245395
-0.01035543032245395
0.012486141482997145
0.012486141482997145
0.012486141482997145
0.012486141482997145
-0.012486141482997145
-0.012486141482997145
-0.012486141482997145
-0.012486141482997145
0.01449660427543986
0.01449660427543986
0.01449660427543986
0.01449660427543986
-0.01449660427543986
-0.01449660427543986
-0.01449660427543986
-0.01449660427543986
0.016367456844060376
0.016367456844060376
0.016367456844060376
0.016367456844060376
-0.016367456844060376
-0.016367456844060376
-0.016367456844060376
-0.016367456844060376
0.01808068185591027
0.01808068185591027
0.01808068185591027
0.01808068185591027
-0.01808068185591027
-0.01808068185591027
-0.01808068185591027
-0.01808068185591027
0.019619780017581575
0.019619780017581575
0.019619780017581575
0.019619780017581575
-0.019619780017581575
-0.019619780017581575
-0.019619780017581575
-0.019619780017581575
0.020969928972420972
0.020969928972420972
0.020969928972420972
0.020969928972420972
-0.020969928972420972
-0.020969928972420972
-0.020969928972420972
-0.020969928972420972
0.022118126047926893
0.022118126047926893
0.022118126047926893
0.022118126047926893
-0.022118126047926893
-0.022118126047926893
-0.022118126047926893
-0.022118126047926893
0.02305331347859343
0.02305331347859343
0.02305331347859343
0.02305331347859343
-0.02305331347859343
-0.02305331347859343
-0.02305331347859343
-0.02305331347859343
0.023766484898238027
0.023766484898238027
0.023766484898238027
0.023766484898238027
-0.023766484898238027
-0.023766484898238027
-0.023766484898238027
-0.023766484898238027
0.024250772076230574
0.024250772076230574
0.024250772076230574
0.024250772076230574
-0.024250772076230574
-0.024250772076230574
-0.024250772076230574
-0.024250772076230574
0.02450151106230851
0.02450151106230851
0.02450151106230851
0.02450151106230851
-0.02450151106230851
-0.02450151106230851
-0.02450151106230851
-0.02450151106230851
0.024516287102967823
0.024516287102967823
0.024516287102967823
0.024516287102967823
-0.024516287102967823
-0.024516287102967823
-0.024516287102967823
-0.024516287102967823
0.024294957896859867
0.024294957896859867
0.024294957896859867
0.024294957896859867
-0.024294957896859867
-0.024294957896859867
-0.024294957896859867
-0.024294957896859867
0.023839654965230158
0.023839654965230158
0.023839654965230158
0.023839654965230158
-0.023839654965230158
-0.023839654965230158
-0.023839654965230158
-0.023839654965230158
0.023154763124204444
0.023154763124204444
0.023154763124204444
0.023154763124204444
-0.023154763124204444
-0.023154763124204444
-0.023154763124204444
-0.023154763124204444
0.022246878256611473
0.022246878256611473
0.022246878256611473
0.022246878256611473
-0.022246878256611473
-0.022246878256611473
-0.022246878256611473
-0.022246878256611473
0.02112474379002643
0.02112474379002643
0.02112474379002643
0.02112474379002643
-0.02112474379002643
-0.02112474379002643
-0.02112474379002643
-0.02112474379002643
0.01979916649278401
0.01979916649278401
0.01979916649278401
0.01979916649278401
-0.01979916649278401
-0.01979916649278401
-0.01979916649278401
-0.01979916649278401
0.01828291239889079
0.01828291239889079
0.01828291239889079
0.01828291239889079
-0.01828291239889079
-0.01828291239889079
-0.01828291239889079
-0.01828291239889079
0.01659058386413947
0.01659058386413947
0.01659058386413947
0.01659058386413947
-0.01659058386413947
-0.01659058386413947
-0.01659058386413947
-0.01659058386413947
0.014738478937441037
0.014738478937441037
0.014738478937441037
0.014738478937441037
-0.014738478937441037
-0.014738478937441037
-0.014738478937441037
-0.014738478937441037
0.012744434401702682
0.012744434401702682
0.012744434401702682
0.012744434401702682
-0.012744434401702682
-0.012744434401702682
-0.012744434401702682
-0.012744434401702682
0.010627653995859456
0.010627653995859456
0.010627653995859456
0.010627653995859456
-0.010627653995859456
-0.010627653995859456
-0.010627653995859456
