%% ========================================================================
%% Programmatic octave notes on "Ripples in Mathematics" by A. Jensen
%% and A. la Cour-Harbo written with a deep gratitude to the authors for
%% this wonderful text. 
%% 
%% Reconstruction of graphs in ex 4.3, p.34, HWT, 5 scales, D7.
%%
%% Author: Vladimir Kulyukin
%% 
%% NB: I have tested this code in Octave 4.
%% =========================================================================
t = (1.0/1024)*[0:1023];

y_ex_4_4_1024_with_noise_hwt_d7_p34 = [
-0.0488406780944204
-0.0488406780944204
-0.0488406780944204
-0.0488406780944204
-0.0488406780944204
-0.0488406780944204
-0.0488406780944204
-0.0488406780944204
0.0488406780944204
0.0488406780944204
0.0488406780944204
0.0488406780944204
0.0488406780944204
0.0488406780944204
0.0488406780944204
0.0488406780944204
-0.0470227556406067
-0.0470227556406067
-0.0470227556406067
-0.0470227556406067
-0.0470227556406067
-0.0470227556406067
-0.0470227556406067
-0.0470227556406067
0.0470227556406067
0.0470227556406067
0.0470227556406067
0.0470227556406067
0.0470227556406067
0.0470227556406067
0.0470227556406067
0.0470227556406067
-0.04339777505818971
-0.04339777505818971
-0.04339777505818971
-0.04339777505818971
-0.04339777505818971
-0.04339777505818971
-0.04339777505818971
-0.04339777505818971
0.04339777505818971
0.04339777505818971
0.04339777505818971
0.04339777505818971
0.04339777505818971
0.04339777505818971
0.04339777505818971
0.04339777505818971
-0.03810504231803913
-0.03810504231803913
-0.03810504231803913
-0.03810504231803913
-0.03810504231803913
-0.03810504231803913
-0.03810504231803913
-0.03810504231803913
0.03810504231803913
0.03810504231803913
0.03810504231803913
0.03810504231803913
0.03810504231803913
0.03810504231803913
0.03810504231803913
0.03810504231803913
-0.03134795417116009
-0.03134795417116009
-0.03134795417116009
-0.03134795417116009
-0.03134795417116009
-0.03134795417116009
-0.03134795417116009
-0.03134795417116009
0.03134795417116009
0.03134795417116009
0.03134795417116009
0.03134795417116009
0.03134795417116009
0.03134795417116009
0.03134795417116009
0.03134795417116009
-0.023386181725618703
-0.023386181725618703
-0.023386181725618703
-0.023386181725618703
-0.023386181725618703
-0.023386181725618703
-0.023386181725618703
-0.023386181725618703
0.023386181725618703
0.023386181725618703
0.023386181725618703
0.023386181725618703
0.023386181725618703
0.023386181725618703
0.023386181725618703
0.023386181725618703
-0.014525691431483611
-0.014525691431483611
-0.014525691431483611
-0.014525691431483611
-0.014525691431483611
-0.014525691431483611
-0.014525691431483611
-0.014525691431483611
0.014525691431483611
0.014525691431483611
0.014525691431483611
0.014525691431483611
0.014525691431483611
0.014525691431483611
0.014525691431483611
0.014525691431483611
-0.0051069869617382775
-0.0051069869617382775
-0.0051069869617382775
-0.0051069869617382775
-0.0051069869617382775
-0.0051069869617382775
-0.0051069869617382775
-0.0051069869617382775
0.0051069869617382775
0.0051069869617382775
0.0051069869617382775
0.0051069869617382775
0.0051069869617382775
0.0051069869617382775
0.0051069869617382775
0.0051069869617382775
0.004507976152915536
0.004507976152915536
0.004507976152915536
0.004507976152915536
0.004507976152915536
0.004507976152915536
0.004507976152915536
0.004507976152915536
-0.004507976152915536
-0.004507976152915536
-0.004507976152915536
-0.004507976152915536
-0.004507976152915536
-0.004507976152915536
-0.004507976152915536
-0.004507976152915536
0.013949700272114954
0.013949700272114954
0.013949700272114954
0.013949700272114954
0.013949700272114954
0.013949700272114954
0.013949700272114954
0.013949700272114954
-0.013949700272114954
-0.013949700272114954
-0.013949700272114954
-0.013949700272114954
-0.013949700272114954
-0.013949700272114954
-0.013949700272114954
-0.013949700272114954
0.022855345232938824
0.022855345232938824
0.022855345232938824
0.022855345232938824
0.022855345232938824
0.022855345232938824
0.022855345232938824
0.022855345232938824
-0.022855345232938824
-0.022855345232938824
-0.022855345232938824
-0.022855345232938824
-0.022855345232938824
-0.022855345232938824
-0.022855345232938824
-0.022855345232938824
0.030882672093886288
0.030882672093886288
0.030882672093886288
0.030882672093886288
0.030882672093886288
0.030882672093886288
0.030882672093886288
0.030882672093886288
-0.030882672093886288
-0.030882672093886288
-0.030882672093886288
-0.030882672093886288
-0.030882672093886288
-0.030882672093886288
-0.030882672093886288
-0.030882672093886288
0.03772319518546773
0.03772319518546773
0.03772319518546773
0.03772319518546773
0.03772319518546773
0.03772319518546773
0.03772319518546773
0.03772319518546773
-0.03772319518546773
-0.03772319518546773
-0.03772319518546773
-0.03772319518546773
-0.03772319518546773
-0.03772319518546773
-0.03772319518546773
-0.03772319518546773
0.04311403704148316
0.04311403704148316
0.04311403704148316
0.04311403704148316
0.04311403704148316
0.04311403704148316
0.04311403704148316
0.04311403704148316
-0.04311403704148316
-0.04311403704148316
-0.04311403704148316
-0.04311403704148316
-0.04311403704148316
-0.04311403704148316
-0.04311403704148316
-0.04311403704148316
0.04684803063262504
0.04684803063262504
0.04684803063262504
0.04684803063262504
0.04684803063262504
0.04684803063262504
0.04684803063262504
0.04684803063262504
-0.04684803063262504
-0.04684803063262504
-0.04684803063262504
-0.04684803063262504
-0.04684803063262504
-0.04684803063262504
-0.04684803063262504
-0.04684803063262504
0.048781680679233344
0.048781680679233344
0.048781680679233344
0.048781680679233344
0.048781680679233344
0.048781680679233344
0.048781680679233344
0.048781680679233344
-0.048781680679233344
-0.048781680679233344
-0.048781680679233344
-0.048781680679233344
-0.048781680679233344
-0.048781680679233344
-0.048781680679233344
-0.048781680679233344
0.048840678094420366
0.048840678094420366
0.048840678094420366
0.048840678094420366
0.048840678094420366
0.048840678094420366
0.048840678094420366
0.048840678094420366
-0.048840678094420366
-0.048840678094420366
-0.048840678094420366
-0.048840678094420366
-0.048840678094420366
-0.048840678094420366
-0.048840678094420366
-0.048840678094420366
0.047022755640606595
0.047022755640606595
0.047022755640606595
0.047022755640606595
0.047022755640606595
0.047022755640606595
0.047022755640606595
0.047022755640606595
-0.047022755640606595
-0.047022755640606595
-0.047022755640606595
-0.047022755640606595
-0.047022755640606595
-0.047022755640606595
-0.047022755640606595
-0.047022755640606595
0.04339777505818963
0.04339777505818963
0.04339777505818963
0.04339777505818963
0.04339777505818963
0.04339777505818963
0.04339777505818963
0.04339777505818963
-0.04339777505818963
-0.04339777505818963
-0.04339777505818963
-0.04339777505818963
-0.04339777505818963
-0.04339777505818963
-0.04339777505818963
-0.04339777505818963
0.038105042318039045
0.038105042318039045
0.038105042318039045
0.038105042318039045
0.038105042318039045
0.038105042318039045
0.038105042318039045
0.038105042318039045
-0.038105042318039045
-0.038105042318039045
-0.038105042318039045
-0.038105042318039045
-0.038105042318039045
-0.038105042318039045
-0.038105042318039045
-0.038105042318039045
0.031347954171160146
0.031347954171160146
0.031347954171160146
0.031347954171160146
0.031347954171160146
0.031347954171160146
0.031347954171160146
0.031347954171160146
-0.031347954171160146
-0.031347954171160146
-0.031347954171160146
-0.031347954171160146
-0.031347954171160146
-0.031347954171160146
-0.031347954171160146
-0.031347954171160146
0.02338618172561874
0.02338618172561874
0.02338618172561874
0.02338618172561874
0.02338618172561874
0.02338618172561874
0.02338618172561874
0.02338618172561874
-0.02338618172561874
-0.02338618172561874
-0.02338618172561874
-0.02338618172561874
-0.02338618172561874
-0.02338618172561874
-0.02338618172561874
-0.02338618172561874
0.014525691431483663
0.014525691431483663
0.014525691431483663
