%% ========================================================================
%% Programmatic octave notes on "Ripples in Mathematics" by A. Jensen
%% and A. la Cour-Harbo written with a deep gratitude to the authors for
%% this wonderful text. 
%% 
%% Reconstruction of graphs in ex 4.4, p.34, CDF44, 5 scales, D9.
%%
%% Author: Vladimir Kulyukin
%% 
%% NB: I have tested this code in Octave 4.
%% =========================================================================
t = (1.0/1024)*[0:1023];

%%y_ex_4_3_chirp_512_p33 = arrayfun(@(x) sin(x*x), t);

y_ex_4_4_1024_with_noise_cdf44_d9_p34 = [
1.4189700681683867E-6
-3.446265690759207E-6
-3.7606039336536572E-6
-5.29435149080599E-6
6.106647978253606E-6
1.4041792427338847E-5
-8.435666900807754E-6
-2.2764093607117372E-5
1.0779614438715474E-5
3.149602263775786E-5
-1.3090407607528039E-5
-4.017899502819609E-5
1.542661186375166E-5
4.8874376170891664E-5
-1.771361237573745E-5
-5.749710173095975E-5
2.0036445229610564E-5
6.613498705095155E-5
-2.2294143500204473E-5
-7.467669287951127E-5
2.4598009043924125E-5
8.323627295446592E-5
-2.6820966080236836E-5
-9.167638133399922E-5
2.9100314099901456E-5
1.0013703538575801E-4
-3.1283174603748484E-5
-1.0845521335593813E-4
3.353251395034337E-5
1.1679655892786375E-4
-3.5670019219575234E-5
-1.2497276726939602E-4
3.788393103761946E-5
1.3317470932944166E-4
-3.99709316347644E-5
-1.4118925084021539E-4
4.2144082416735154E-5
1.492320301914437E-4
-4.4175550574580525E-5
-1.5706559713895204E-4
4.630270500987925E-5
1.6492983802140744E-4
-4.827374674375716E-5
-1.7256355865681713E-4
5.034978033108537E-5
1.8023031542553376E-4
-5.225564722876118E-5
-1.876457994471861E-4
5.427555862135643E-5
1.950966022135388E-4
-5.6111659282532855E-5
-2.022759850708726E-4
5.80705823369207E-5
2.094928841983558E-4
-5.983249343426556E-5
-2.1641887012918562E-4
6.1725708933191E-5
2.2338447947558982E-4
-6.340918586860896E-5
-2.3004038317322407E-4
6.52321328901335E-5
2.36737921975606E-4
-6.683312002024811E-5
-2.4310770878512386E-4
6.858140692539132E-5
2.495210420860265E-4
-7.009604733184862E-5
-2.5558936663294397E-4
7.176546234423235E-5
2.617030441504491E-4
-7.319010712571888E-5
-2.6745528730942776E-4
7.477662847836357E-5
2.732545806589489E-4
-7.610784554085768E-5
-2.786768847724775E-4
7.760765116493869E-5
2.8414782294856596E-4
-7.884223348980723E-5
-2.892271252109824E-4
8.025171022210926E-5
2.9435652824411426E-4
-8.13866835925283E-5
-2.990805921714575E-4
8.270243588022348E-5
3.038561028806492E-4
-8.373506604584583E-5
-3.082135477891062E-4
8.495392412637641E-5
3.126236615506482E-4
-8.588172339076584E-5
-3.1660398997383494E-4
8.700075092835155E-5
3.2063808243761304E-4
-8.782148414162199E-5
-3.2423170541551546E-4
8.883798530073655E-5
3.278800580989924E-4
-8.954967524493243E-5
-3.3107831827925945E-4
9.046120118537354E-5
3.3433214198162173E-4
-9.106213333698215E-5
-3.3712733447537063E-4
9.186648811293267E-5
3.3997879045032683E-4
-9.235521477369055E-5
-3.4236418139388836E-4
9.305046062394795E-5
3.448064002339971E-4
-9.342580440866229E-5
-3.467762430117594E-4
9.401026642516903E-5
3.488033411981684E-4
-9.427132309767454E-5
-3.5035289028628773E-4
9.474359326017988E-5
3.519599843617538E-4
-9.488973391216343E-5
-3.530855067607953E-4
9.524867448050389E-5
3.542687250950079E-4
-9.52795470463427E-5
-3.5496750932298687E-4
9.552429330131806E-5
3.557240014394891E-4
-9.543982340614029E-5
-3.5599436406381E-4
9.556978573245534E-5
3.5632230750648014E-4
-9.537017687178411E-5
-3.5616359719995626E-4
9.538504217884384E-5
3.5606220192443814E-4
-9.507077522794218E-5
-3.554748010342233E-4
9.497050770399708E-5
3.5494431131081734E-4
-9.454233975936924E-5
-3.539296349370347E-4
9.432718095762313E-5
3.5297132876181225E-4
-9.378614351336085E-5
-3.5153182134866316E-4
9.345661177018626E-5
3.5014800736506775E-4
-9.280400823291579E-5
-3.482871368120152E-4
9.236089741914517E-5
3.46481148749158E-4
-9.159829996798762E-5
-3.4420339805643174E-4
9.104267757642528E-5
3.4197958669785974E-4
-9.017192337539608E-5
-3.392904431663824E-4
8.950512794906492E-5
3.3665416586845464E-4
-8.852831472122996E-5
-3.3356010788041765E-4
8.775195262861921E-5
3.305177156658131E-4
-8.667143360275836E-5
-3.270261970780476E-4
8.5787375168285E-5
3.235850193364286E-4
-8.460575340915817E-5
-3.1970445152285147E-4
8.361612840683903E-5
3.1587277835234446E-4
-8.233625054505826E-5
-3.1161250994096414E-4
8.124344306840409E-5
3.0739957217839145E-4
-7.986839244161371E-5
-3.027698665288741E-4
7.867503515947539E-5
2.9818581351007443E-4
-7.720812438510986E-5
-2.931978239887703E-4
7.591709219966649E-5
2.882536990988885E-4
-7.436185519434042E-5
-2.829194422095234E-4
7.297625831527874E-5
2.776271562786496E-4
-7.133644178104576E-5
-2.719594827131975E-4
6.985961823250226E-5
2.663317853214232E-4
-6.813917263121277E-5
-2.6034434900210697E-4
6.657468021061303E-5
2.543947977657555E-4
-6.47777502462334E-5
-2.4810202295100713E-4
6.312935795281364E-5
2.4184495085996548E-4
-6.12602725869455E-5
-2.3526199739528104E-4
5.953195154193179E-5
2.2871247828382086E-4
-5.75952135652931E-5
-2.218552050810571E-4
5.579112744574418E-5
2.1502901731513404E-4
-5.379140262942351E-5
-2.0791394414590252E-4
5.191589763666364E-5
2.008275326093121E-4
-4.9858003493055945E-5
-1.9347180030811214E-4
4.791559788293913E-5
1.8614223678708672E-4
-4.580449205923753E-5
-1.7856356595731383E-4
4.379986525702177E-5
1.7100850801236937E-4
-4.1640633592007264E-5
-1.6322515633576516E-4
3.957861491914756E-5
1.5546280476300687E-4
-3.737645919120349E-5
-1.4749352301567404E-4
3.526201623142352E-5
1.3954257800029366E-4
-3.30222416264386E-5
-1.3140656487993304E-4
3.086046825801559E-5
1.232861809448003E-4
-2.8588470589110328E-5
-1.150030368194565E-4
2.6384574713276823E-5
1.0673277668034194E-4
-2.4085827422118537E-5
-9.832245636999011E-5
2.1845118417287107E-5
8.992224380851576E-5
-1.9525159387187805E-5
-8.140500851130712E-5
1.7253035317479653E-5
7.289508037494121E-5
-1.4917453533101143E-5
-6.429144885678999E-5
1.2619388144466294E-5
5.5692306307953795E-5
-1.0273810226881702E-5
-4.7023005470832385E-5
0.002867528806826132
0.004991281897531349
0.006274453781192577
0.007782858720454017
-0.04610550747253684
-0.08515035357734894
-0.06362274804560289
-0.05832548201344581
0.1743225382215473
0.3460521074692838
-0.02190129859367082
-0.24524708725330024
-0.05183403318091222
0.02990882554290247
8.43566690082966E-6
2.2764093607040353E-5
-1.0779614438819383E-5
-3.1496022637907965E-5
1.3090407607548354E-5
4.0178995028328796E-5
-1.542661186373505E-5
-4.887437617092993E-5
1.771361237577491E-5
5.749710173103795E-5
-2.003644522966713E-5
-6.613498705109585E-5
2.229414350026924E-5
7.467669287970557E-5
-2.4598009044038017E-5
-8.323627295477071E-5
2.6820966080246986E-5
9.167638133418879E-5
-2.9100314099811996E-5
-1.0013703538569379E-4
3.1283174603806896E-5
1.0845521335598553E-4
-3.353251395050648E-5
-1.167965589281839E-4
3.567001921959556E-5
1.2497276726962348E-4
-3.788393103758526E-5
-1.3317470932949343E-4
3.9970931634733916E-5
1.4118925084017747E-4
-4.214408241664271E-5
-1.4923203019125784E-4
4.417555057460086E-5
1.570655971388762E-4
-4.630270500997142E-5
-1.6492983802153738E-4
4.827374674379017E-5
1.7256355865695932E-4
-5.034978033111331E-5
-1.8023031542565698E-4
5.225564722878404E-5
1.876457994472904E-4
-5.4275558621367274E-5
-1.9509660221361206E-4
5.61116592825608E-5
2.0227598507095793E-4
-5.8070582336965864E-5
-2.094928841984811E-4
5.983249343427697E-5
2.1641887012927567E-4
-6.172570893315679E-5
-2.2338447947557543E-4
6.340918586866736E-5
2.3004038317330934E-4
-6.523213289027776E-5
-2.367379219759111E-4
6.683312002026719E-5
2.4310770878533715E-4
-6.858140692534798E-5
-2.495210420860555E-4
7.009604733184484E-5
2.5558936663293925E-4
-7.176546234420866E-5
-2.6170304415040486E-4
7.319010712574805E-5
2.674552873094514E-4
-7.477662847842776E-5
-2.732545806590789E-4
7.610784554090594E-5
2.7867688477263867E-4
-7.760765116499809E-5
-2.841478229487566E-4
7.884223348985232E-5
2.8922712521116487E-4
-8.025171022216527E-5
-2.9435652824430795E-4
8.13866835925334E-5
2.9908059217157124E-4
