%% ========================================================================
%% Programmatic octave notes on "Ripples in Mathematics" by A. Jensen
%% and A. la Cour-Harbo written with a deep gratitude to the authors for
%% this wonderful text. 
%% 
%% Reconstruction of graphs in ex 4.3, p.34, HWT, 5 scales, D6.
%%
%% Author: Vladimir Kulyukin
%% 
%% NB: I have tested this code in Octave 4.
%% =========================================================================
t = (1.0/1024)*[0:1023];

y_ex_4_4_1024_with_noise_hwt_d6_p34 = [
-0.09609535481621145
-0.09609535481621145
-0.09609535481621145
-0.09609535481621145
-0.09609535481621145
-0.09609535481621145
-0.09609535481621145
-0.09609535481621145
-0.09609535481621145
-0.09609535481621145
-0.09609535481621145
-0.09609535481621145
-0.09609535481621145
-0.09609535481621145
-0.09609535481621145
-0.09609535481621145
0.09609535481621145
0.09609535481621145
0.09609535481621145
0.09609535481621145
0.09609535481621145
0.09609535481621145
0.09609535481621145
0.09609535481621145
0.09609535481621145
0.09609535481621145
0.09609535481621145
0.09609535481621145
0.09609535481621145
0.09609535481621145
0.09609535481621145
0.09609535481621145
-0.08169999601660285
-0.08169999601660285
-0.08169999601660285
-0.08169999601660285
-0.08169999601660285
-0.08169999601660285
-0.08169999601660285
-0.08169999601660285
-0.08169999601660285
-0.08169999601660285
-0.08169999601660285
-0.08169999601660285
-0.08169999601660285
-0.08169999601660285
-0.08169999601660285
-0.08169999601660285
0.08169999601660285
0.08169999601660285
0.08169999601660285
0.08169999601660285
0.08169999601660285
0.08169999601660285
0.08169999601660285
0.08169999601660285
0.08169999601660285
0.08169999601660285
0.08169999601660285
0.08169999601660285
0.08169999601660285
0.08169999601660285
0.08169999601660285
0.08169999601660285
-0.0548665534357746
-0.0548665534357746
-0.0548665534357746
-0.0548665534357746
-0.0548665534357746
-0.0548665534357746
-0.0548665534357746
-0.0548665534357746
-0.0548665534357746
-0.0548665534357746
-0.0548665534357746
-0.0548665534357746
-0.0548665534357746
-0.0548665534357746
-0.0548665534357746
-0.0548665534357746
0.0548665534357746
0.0548665534357746
0.0548665534357746
0.0548665534357746
0.0548665534357746
0.0548665534357746
0.0548665534357746
0.0548665534357746
0.0548665534357746
0.0548665534357746
0.0548665534357746
0.0548665534357746
0.0548665534357746
0.0548665534357746
0.0548665534357746
0.0548665534357746
-0.019680175460895115
-0.019680175460895115
-0.019680175460895115
-0.019680175460895115
-0.019680175460895115
-0.019680175460895115
-0.019680175460895115
-0.019680175460895115
-0.019680175460895115
-0.019680175460895115
-0.019680175460895115
-0.019680175460895115
-0.019680175460895115
-0.019680175460895115
-0.019680175460895115
-0.019680175460895115
0.019680175460895115
0.019680175460895115
0.019680175460895115
0.019680175460895115
0.019680175460895115
0.019680175460895115
0.019680175460895115
0.019680175460895115
0.019680175460895115
0.019680175460895115
0.019680175460895115
0.019680175460895115
0.019680175460895115
0.019680175460895115
0.019680175460895115
0.019680175460895115
0.018502330826670903
0.018502330826670903
0.018502330826670903
0.018502330826670903
0.018502330826670903
0.018502330826670903
0.018502330826670903
0.018502330826670903
0.018502330826670903
0.018502330826670903
0.018502330826670903
0.018502330826670903
0.018502330826670903
0.018502330826670903
0.018502330826670903
0.018502330826670903
-0.018502330826670903
-0.018502330826670903
-0.018502330826670903
-0.018502330826670903
-0.018502330826670903
-0.018502330826670903
-0.018502330826670903
-0.018502330826670903
-0.018502330826670903
-0.018502330826670903
-0.018502330826670903
-0.018502330826670903
-0.018502330826670903
-0.018502330826670903
-0.018502330826670903
-0.018502330826670903
0.053868024969922865
0.053868024969922865
0.053868024969922865
0.053868024969922865
0.053868024969922865
0.053868024969922865
0.053868024969922865
0.053868024969922865
0.053868024969922865
0.053868024969922865
0.053868024969922865
0.053868024969922865
0.053868024969922865
0.053868024969922865
0.053868024969922865
0.053868024969922865
-0.053868024969922865
-0.053868024969922865
-0.053868024969922865
-0.053868024969922865
-0.053868024969922865
-0.053868024969922865
-0.053868024969922865
-0.053868024969922865
-0.053868024969922865
-0.053868024969922865
-0.053868024969922865
-0.053868024969922865
-0.053868024969922865
-0.053868024969922865
-0.053868024969922865
-0.053868024969922865
0.08103280062636642
0.08103280062636642
0.08103280062636642
0.08103280062636642
0.08103280062636642
0.08103280062636642
0.08103280062636642
0.08103280062636642
0.08103280062636642
0.08103280062636642
0.08103280062636642
0.08103280062636642
0.08103280062636642
0.08103280062636642
0.08103280062636642
0.08103280062636642
-0.08103280062636642
-0.08103280062636642
-0.08103280062636642
-0.08103280062636642
-0.08103280062636642
-0.08103280062636642
-0.08103280062636642
-0.08103280062636642
-0.08103280062636642
-0.08103280062636642
-0.08103280062636642
-0.08103280062636642
-0.08103280062636642
-0.08103280062636642
-0.08103280062636642
-0.08103280062636642
0.0958610669516125
0.0958610669516125
0.0958610669516125
0.0958610669516125
0.0958610669516125
0.0958610669516125
0.0958610669516125
0.0958610669516125
0.0958610669516125
0.0958610669516125
0.0958610669516125
0.0958610669516125
0.0958610669516125
0.0958610669516125
0.0958610669516125
0.0958610669516125
-0.0958610669516125
-0.0958610669516125
-0.0958610669516125
-0.0958610669516125
-0.0958610669516125
-0.0958610669516125
-0.0958610669516125
-0.0958610669516125
-0.0958610669516125
-0.0958610669516125
-0.0958610669516125
-0.0958610669516125
-0.0958610669516125
-0.0958610669516125
-0.0958610669516125
-0.0958610669516125
0.09609535481621141
0.09609535481621141
0.09609535481621141
0.09609535481621141
0.09609535481621141
0.09609535481621141
0.09609535481621141
0.09609535481621141
0.09609535481621141
0.09609535481621141
0.09609535481621141
0.09609535481621141
0.09609535481621141
0.09609535481621141
0.09609535481621141
0.09609535481621141
-0.09609535481621141
-0.09609535481621141
-0.09609535481621141
-0.09609535481621141
-0.09609535481621141
-0.09609535481621141
-0.09609535481621141
-0.09609535481621141
-0.09609535481621141
-0.09609535481621141
-0.09609535481621141
-0.09609535481621141
-0.09609535481621141
-0.09609535481621141
-0.09609535481621141
-0.09609535481621141
0.08169999601660283
0.08169999601660283
0.08169999601660283
0.08169999601660283
0.08169999601660283
0.08169999601660283
0.08169999601660283
0.08169999601660283
0.08169999601660283
0.08169999601660283
0.08169999601660283
0.08169999601660283
0.08169999601660283
0.08169999601660283
0.08169999601660283
0.08169999601660283
-0.08169999601660283
-0.08169999601660283
-0.08169999601660283
-0.08169999601660283
-0.08169999601660283
-0.08169999601660283
-0.08169999601660283
-0.08169999601660283
-0.08169999601660283
-0.08169999601660283
-0.08169999601660283
-0.08169999601660283
-0.08169999601660283
-0.08169999601660283
-0.08169999601660283
-0.08169999601660283
0.05486655343577462
0.05486655343577462
0.05486655343577462
0.05486655343577462
0.05486655343577462
0.05486655343577462
0.05486655343577462
0.05486655343577462
0.05486655343577462
0.05486655343577462
0.05486655343577462
0.05486655343577462
0.05486655343577462
0.05486655343577462
0.05486655343577462
0.05486655343577462
-0.05486655343577462
-0.05486655343577462
-0.05486655343577462
-0.05486655343577462
-0.05486655343577462
-0.05486655343577462
-0.05486655343577462
-0.05486655343577462
-0.05486655343577462
-0.05486655343577462
-0.05486655343577462
-0.05486655343577462
-0.05486655343577462
-0.05486655343577462
-0.05486655343577462
-0.05486655343577462
0.019680175460895098
0.019680175460895098
0.019680175460895098
0.019680175460895098
0.019680175460895098
0.019680175460895098
0.019680175460895098
0.019680175460895098
0.019680175460895098
0.019680175460895098
