%% ========================================================================
%% Programmatic octave notes on "Ripples in Mathematics" by A. Jensen
%% and A. la Cour-Harbo written with a deep gratitude to the authors for
%% this wonderful text. 
%% 
%% Reconstruction of graphs in ex 4.4, p.34, CDF44, 5 scales, D7.
%%
%% Author: Vladimir Kulyukin
%% 
%% NB: I have tested this code in Octave 4.
%% =========================================================================
t = (1.0/1024)*[0:1023];

%%y_ex_4_3_chirp_512_p33 = arrayfun(@(x) sin(x*x), t);

y_ex_4_4_1024_with_noise_cdf44_d7_p34 = [
4.3815774854548146E-4
2.0509456285994768E-4
1.140670168451323E-4
-1.5018864115890046E-5
-2.069105406193927E-6
-2.7177681642704745E-5
-9.03445928254225E-5
-1.433138038940309E-4
-1.8542431259034709E-4
-2.3044440181816886E-4
-2.783740715774962E-4
-3.2552412158309325E-4
-3.755837521201962E-4
-4.2486376290356865E-4
-4.73364153933211E-4
-5.220734434462686E-4
-6.232288724723531E-5
2.6118626390959E-4
4.484540100242073E-4
6.722275305955657E-4
7.597596461247162E-4
8.837975361106075E-4
0.0010443412005532403
0.0011951031722111161
3.2295124648359333E-4
-2.751117265129398E-4
-5.990857467784829E-4
-9.965016805825867E-4
-0.001119828661655701
-0.0013165975562673756
-0.0015868083644176114
-0.0018373404711445928
-5.604084894339395E-4
3.0724072331230894E-4
7.65607167094152E-4
0.001333640598295981
0.0014923912605334048
0.0017608089101908144
0.00213889354726821
0.0024875930036300665
8.189159702684701E-4
-3.0920666184219435E-4
-8.967748927019264E-4
-0.0016291842388419346
-0.0018210391837310109
-0.002157735243900363
-0.002639272419349992
-0.0030819995349294464
-0.0010369579076525508
3.41488094020597E-4
0.0010533384700899958
0.0019438026057180381
0.0021676711157423323
0.002570153385325269
0.0031512494144668494
0.0036844860309776044
0.0012834102125692216
-3.314189585619774E-4
-0.0011600014824159923
-0.0021992581604596056
-0.0024522681912260355
-0.0029159523761820637
-0.0035903107153276914
-0.004208219084992105
-0.0014736576150126827
3.6261226878447905E-4
0.0013005905663993787
0.0024792653690994875
0.002759648585617336
0.003280728307220392
0.0040425045339086575
0.004739786326438348
0.0016985837201457443
-3.4089501056607457E-4
-0.0013786498656971086
-0.002684815824328988
-0.002989257907380083
-0.0035621110939320234
-0.00440337538398481
-0.005172719135614997
-0.00185372548666465
3.698014574141878E-4
0.001497861696621516
0.002919451354734348
0.0032455743079756703
0.003865226680122496
0.004778408471174827
0.00561293929147665
0.002048481607933687
-3.37270658490273E-4
-0.0015443175077952296
-0.0030671975217314127
-0.0034113721185485934
-0.004071379879997
-0.005047220806076633
-0.0059384344907503625
-0.002162555727445246
3.627793834225481E-4
0.0016375708418530184
0.0032474444620539354
0.0036067744298175306
0.004301186559351571
0.00533068085065606
0.006270390147316081
0.0023196574963304014
-3.2068518415232655E-4
-0.0016506378941321018
-0.0033317085384779854
-0.0037023892123209173
-0.004424187820529957
-0.005497104363105105
-0.006475939138718769
-0.0023882801643953034
3.4181590117517906E-4
0.0017143490579926762
0.003450640099884981
0.0038293682330243018
0.0045718542512384296
0.005678098154527366
0.006686873426270053
0.002501690248022378
-2.917759580295748E-4
-0.001693525191885804
-0.0034681838645345643
-0.0038511255649876005
-0.004606976704233167
-0.0057357372822712666
-0.006764577077334962
-0.002522224333990867
3.077166255379012E-4
0.0017252458012513418
0.0035212295738183005
0.0039048015625699323
0.004666828148175082
0.005807309330633749
0.006846383909493669
0.0025875844464465954
-2.5165394546969224E-4
-0.0016713312662551929
-0.0034713788296568465
-0.003851865321927714
-0.004612722056814734
-0.005753949034317909
-0.006793256112487253
-0.0025592408369105773
2.617919725508666E-4
0.0016698423158970765
0.003456500169958199
0.003830175557904088
0.0045824584565648885
0.005713348865940604
0.0067427916985719
0.0025740392257279946
-2.0186101291457784E-4
-0.0015849090173558167
-0.0033411706531271874
-0.003704580054697226
-0.004441203087597396
-0.005551039751827699
-0.006560874124938804
-0.0024979071497066934
2.058068008733427E-4
0.001550267726801303
0.0032589394029943477
0.0036083580545353175
0.00432198745634137
0.005399827608412509
0.006380077784075383
0.002461575121102598
-1.4431067483809234E-4
-0.001437579603746688
-0.0030825631621480033
-0.0034149298535172245
-0.004099011174379165
-0.0051348071247338265
-0.0060763614241497
-0.002340580291582123
1.4191258925601237E-4
0.001371117218364705
0.002936139422407715
0.003247873374721284
0.0038954249019691693
0.0048787940041513725
0.0057721810583257465
0.0022545140650405034
-8.121455845790039E-5
-0.0012350048121694643
-0.0027054944975687693
-0.0029940458131812358
-0.0035992965604814426
-0.00452124673946939
-0.005358337561493212
-0.0020933062454646205
7.256475641899635E-5
0.001139275444157639
0.002500505250423766
0.0027625747425449195
0.003319163353193557
0.00417027108236968
0.004942462651580837
0.001960813297804836
-1.4997412141856442E-5
-9.849694782592393E-4
-0.002224455196706701
-0.0024581022713248543
-0.002961262998273086
-0.003733937377551396
-0.004434395791338698
-0.0017655876142734733
4.2830068765556395E-7
8.636519535446874E-4
0.0019687780639655785
0.0021711119122823723
0.0026153482181630254
0.003301486981607538
0.003922808176900709
0.001591759575171325
5.179607631217132E-5
-6.970823196767505E-4
-0.0016579313301240421
-0.001827695237701102
-0.0022094297597365317
-0.0028031348962303327
-0.003340042677760883
0.0015481266474320601
0.004982650943001871
0.00696353020894855
0.00933391248666426
0.010250649734756846
0.01155688999461846
0.013252633266249106
0.014844009520426749
0.013616030399237169
0.013143495274053578
0.013426404144875984
0.013506892407041638
0.014342824665213291
0.014976336314728188
0.015407427355586348
0.015892756835065493
-0.021580416748414506
-0.048882640090280295
-0.0660139131905319
-0.08587048419428112
-0.0955561049564162
-0.10796702362204891
-0.12310324019117927
-0.13750921538793315
-0.09568327859854164
-0.06892463721469572
-0.05723329123639546
-0.04150467562205806
-0.040843355413266336
-0.03614476556843749
-0.02740890608757151
-0.019754829745308365
0.06789564630520703
0.1341111516564989
0.17889168630856733
0.22941570404927739
0.2585047510907641
0.2933372812208923
0.33391329443966233
0.37295034600308896
0.17543611404785353
0.04130560747998907
-0.02944117370050434
-0.11717157291181984
-0.1415182467357643
-0.18284853859053082
-0.24116244847611953
-0.29492561162579073
-0.16182156073751908
-0.07878842894256795
-0.045826216240937384
5.52458796032506E-4
-0.0031397852603181524
0.00658443301867051
0.0297251136329985
0.04927086399928973
0.019632367764603732
0.0031727506869827678
-1.079872335731525E-4
-0.006919995181412005
-5.531239721858153E-4
0.002282477209757442
0.0015868083644177667
0.0018373404711447812
5.60408489434037E-4
-3.0724072331226893E-4
-7.656071670941362E-4
-0.0013336405982959983
-0.0014923912605334223
-0.001760808910190841
-0.002138893547268255
-0.0024875930036301263
-8.189159702684866E-4
3.092066618422056E-4
8.967748927019496E-4
0.001629184238841974
0.0018210391837310505
0.0021577352439004073
0.002639272419350045
0.003081999534929507
0.001036957907652561
-3.414880940206214E-4
-0.0010533384700900398
-0.0019438026057181056
-0.0021676711157424073
-0.002570153385325356
-0.003151249414466952
-0.003684486030977722
-0.0012834102125692743
3.31418958561968E-4
0.0011600014824160048
0.0021992581604596464
0.0024522681912260828
0.002915952376182123
0.0035903107153277694
0.0042082190849922
0.001473657615012738
-3.6261226878444766E-4
-0.001300590566399357
-0.0024792653690994793
-0.002759648585617325
-0.003280728307220383
-0.004042504533908656
-0.00473978632643835
-0.001698583720145725
3.4089501056610904E-4
0.001378649865697151
0.00268481582432904
0.0029892579073801375
0.0035621110939320815
0.0044033753839848744
0.005172719135615067
0.0018537254866646514
-3.698014574142353E-4
-0.001497861696621592
-0.002919451354734458
-0.0032455743079757952
