%% ========================================================================
%% Programmatic octave notes on "Ripples in Mathematics" by A. Jensen
%% and A. la Cour-Harbo written with a deep gratitude to the authors for
%% this wonderful text. 
%% 
%% Reconstruction of graphs in ex 4.4, p.34, CDF44, 5 scales, D10.
%%
%% Author: Vladimir Kulyukin
%% 
%% NB: I have tested this code in Octave 4.
%% =========================================================================
t = (1.0/1024)*[0:1023];

%%y_ex_4_3_chirp_512_p33 = arrayfun(@(x) sin(x*x), t);

y_ex_4_4_1024_with_noise_cdf44_d10_p34 = [
-4.619947374182106E-7
-3.381862264720692E-7
1.138524971766879E-6
-1.9382748688434932E-6
2.7383588762151182E-6
-3.537195966990431E-6
4.3365432956772155E-6
-5.133986390554435E-6
5.93211554361069E-6
-6.727684292685829E-6
7.524114506947107E-6
-8.317329689364762E-6
9.111581225074815E-6
-9.901965037643047E-6
1.0693559467327325E-5
-1.148063581242601E-5
1.2269096309251681E-5
-1.3052391081506856E-5
1.383724270633609E-5
-1.4616284078259021E-5
1.5397054065807094E-5
-1.6171372772015365E-5
1.6947590815657196E-5
-1.7716720435496244E-5
1.848791897046084E-5
-1.925139620906034E-5
2.001711069428815E-5
-2.0774475661430045E-5
2.1534244859021074E-5
-2.2285041346422814E-5
2.303840759989506E-5
-2.3782183355828584E-5
2.45286928655344E-5
-2.526499986726662E-5
2.6004202963745508E-5
-2.6732597687486262E-5
2.7464049102465268E-5
-2.8184092790440065E-5
2.890735192486909E-5
-2.9618610849761913E-5
3.0333242039520875E-5
-3.103528776546281E-5
3.1740860543316474E-5
-3.24332701842346E-5
3.312935953953199E-5
-3.3811716013808566E-5
3.449790264844242E-5
-3.516979493002176E-5
3.584566551078172E-5
-3.650668887687186E-5
3.717183628460807E-5
-3.782159255938859E-5
3.847561613405206E-5
-3.911371392874123E-5
3.975621971114632E-5
-4.038227465943641E-5
4.101287562806827E-5
-4.1626510617812373E-5
4.2244826922094124E-5
-4.2845672322675154E-5
4.345133151225493E-5
-4.4039025396714445E-5
4.4631662644887306E-5
-4.520585100852163E-5
4.5785109332944854E-5
-4.63454463061115E-5
4.6910976783184206E-5
-4.745712483981014E-5
4.8008586815078075E-5
-4.854021697598668E-5
4.9077278269344136E-5
-4.959407030045977E-5
5.0116407406343964E-5
-5.061805001146009E-5
5.112534829351581E-5
-5.161153930188175E-5
5.210349318258107E-5
-5.25739397309346E-5
5.3050252875707186E-5
-5.350467158457633E-5
5.396505708011536E-5
-5.4403174224644424E-5
5.4847354751859065E-5
-5.526890642682535E-5
5.569661442827836E-5
-5.610134670649488E-5
5.6512324546507836E-5
-5.68999936325746E-5
5.729399375376647E-5
-5.766436613020688E-5
5.8041151201455045E-5
-5.839400376986713E-5
5.875334683007352E-5
-5.908846704513744E-5
5.94301516392402E-5
-5.974733763724983E-5
6.0071157947513516E-5
-6.0370218667371793E-5
6.0675979636379705E-5
-6.095673493513771E-5
6.124425238399623E-5
-6.150653314511111E-5
6.177563388398476E-5
-6.201928211935613E-5
6.226980405205417E-5
-6.249467299709322E-5
6.272646521855968E-5
-6.293241942064418E-5
6.31453423079487E-5
-6.333225770795015E-5
6.35261830042791E-5
-6.369394701135795E-5
6.38687579033815E-5
-6.401726946275623E-5
6.417286065089725E-5
-6.43020303047837E-5
6.443830806678632E-5
-6.454805800815364E-5
6.466494025526733E-5
-6.475520437496037E-5
6.485262070186393E-5
-6.492334462807152E-5
6.500123635469043E-5
-6.505237748599576E-5
6.511069769332541E-5
-6.51422252241808E-5
6.518093878221819E-5
-6.519283372170767E-5
6.521191731100837E-5
-6.520417249397575E-5
6.520361461917407E-5
-6.517623471081547E-5
6.515603570794685E-5
-6.510903720094522E-5
6.506920923720284E-5
-6.500262044169903E-5
6.49431875079981E-5
-6.485704853447689E-5
6.477804643075439E-5
-6.4672409166336E-5
6.457388548089539E-5
-6.444881355728606E-5
6.43308276367447E-5
-6.41863963927311E-5
6.404901930760377E-5
-6.388531574310805E-5
6.372863024411777E-5
-6.354575296809027E-5
6.336985343679058E-5
-6.316791260764436E-5
6.297290499931085E-5
-6.275202225864421E-5
6.253802403854709E-5
-6.229833243789871E-5
6.206547251064423E-5
-6.180711643118296E-5
6.15555350627306E-5
-6.127867012858639E-5
6.1008518862273685E-5
-6.071331184650859E-5
6.042475341134971E-5
-6.0111382135570225E-5
5.980459034824598E-5
-5.947324357571886E-5
5.914840323635781E-5
-5.879928055784481E-5
5.845658733786218E-5
-5.808989905197899E-5
5.772955937725873E-5
-5.7345526363120856E-5
5.696775728848626E-5
-5.656661087336984E-5
5.617163995301722E-5
-5.575362177244418E-5
5.534168692196043E-5
-5.490704877450415E-5
5.447839812812926E-5
-5.402740182350817E-5
5.358229358429769E-5
-5.311521078581645E-5
5.265391307030242E-5
-5.2171025131228715E-5
5.16938158079803E-5
-5.119541360195516E-5
5.070258012404353E-5
-5.01889638698787E-5
4.968080310171452E-5
-4.915228218261589E-5
4.86291002211842E-5
-4.808599299848001E-5
4.7548104989187604E-5
-4.699073861026684E-5
4.643846855659038E-5
-4.586717875817021E-5
4.530085932703569E-5
-4.471599023265877E-5
4.4135962553583846E-5
-4.353786646662129E-5
4.294447992671531E-5
-4.233351711791354E-5
4.172712915112693E-5
-4.1103667641503114E-5
4.048464351307451E-5
-3.984905885257283E-5
3.9217771439553053E-5
-3.857044648059806E-5
3.7927276046883395E-5
-3.7268600713890485E-5
3.661393468140685E-5
-3.594430573571977E-5
3.527853845072159E-5
-3.4598359251830815E-5
3.392189174772853E-5
-3.323157201009342E-5
3.2544811765539945E-5
-3.184476731195659E-5
3.1148128005612424E-5
-3.0438780516764314E-5
2.9732681778284926E-5
-2.9014458538368364E-5
2.8299325694852105E-5
-2.7572659334954357E-5
2.6848923156116584E-5
-2.611425139268758E-5
2.538234782984236E-5
-2.464011320177288E-5
2.390048312639103E-5
-2.315113272804793E-5
2.2404221665618347E-5
-2.1648206877622767E-5
2.0894464739339385E-5
-2.013224095686224E-5
1.9372121769040177E-5
-1.8604148127035994E-5
1.7838109756823084E-5
-1.7064848853958652E-5
1.629335273431294E-5
-1.5515270354030615E-5
1.473878120531881E-5
-1.3956346035437588E-5
1.3175331585901797E-5
-1.2389014935853496E-5
1.1603945638935398E-5
-1.0814221156760397E-5
1.0025569909295749E-5
-9.232913295363609E-6
8.44115515119692E-6
-7.646043872216496E-6
6.851655756820845E-6
-6.054568758184636E-6
5.2580291814725124E-6
-4.459446598326521E-6
3.6612353654950857E-6
-2.8616382344223127E-6
-0.04575111323689629
-0.07924808663307198
0.2957536374677923
-0.17075283728682844
-1.138524971771721E-6
1.9382748688753213E-6
-2.738358876259565E-6
3.5371959671011155E-6
-4.336543295909813E-6
5.133986390701167E-6
-5.932115543620373E-6
6.727684292749486E-6
-7.524114507098857E-6
8.31732968947726E-6
-9.111581225133692E-6
9.901965037701926E-6
-1.0693559467352079E-5
1.148063581254399E-5
-1.2269096309514966E-5
1.3052391081721074E-5
-1.3837242706501247E-5
1.4616284078375112E-5
-1.5397054065847182E-5
1.6171372772079983E-5
-1.6947590815755323E-5
1.7716720435594375E-5
-1.8487918970584113E-5
1.9251396209114924E-5
-2.001711069422375E-5
2.077447566143434E-5
-2.1534244859122796E-5
2.228504134651472E-5
-2.303840759997716E-5
2.3782183355900867E-5
-2.452869286557891E-5
2.526499986735038E-5
-2.600420296389007E-5
2.6732597687611203E-5
-2.746404910254544E-5
2.818409279056931E-5
-2.890735192507613E-5
2.9618610849939512E-5
-3.033324203967622E-5
3.103528776556909E-5
-3.1740860543337765E-5
3.2433270184304955E-5
-3.3129359539676556E-5
3.3811716013933506E-5
-3.449790264855851E-5
3.5169794930088783E-5
-3.584566551076735E-5
3.650668887689675E-5
-3.717183628469735E-5
3.782159255944844E-5
-3.8475616134071694E-5
3.911371392876085E-5
-3.975621971117672E-5
4.038227465943737E-5
-4.101287562801824E-5
4.162651061779179E-5
-4.224482692209579E-5
4.284567232272588E-5
-4.345133151237269E-5
4.4039025396832196E-5
-4.4631662645001465E-5
4.520585100864561E-5
-4.578510933310379E-5
4.634544630621155E-5
-4.691097678319845E-5
4.7457124839839085E-5
-4.8008586815143303E-5
4.854021697600774E-5
-4.907727826929769E-5
4.959407030043296E-5
-5.0116407406347556E-5
5.061805001145387E-5
-5.112534829343871E-5
5.1611539301961654E-5
-5.2103493182895224E-5
5.257393973119477E-5
-5.305025287590441E-5
5.3504671584744117E-5
-5.3965057080212406E-5
5.4403174224824875E-5
-5.4847354752183994E-5
5.526890642706686E-5
