%% ========================================================================
%% Programmatic octave notes on "Ripples in Mathematics" by A. Jensen
%% and A. la Cour-Harbo written with a deep gratitude to the authors for
%% this wonderful text. 
%% 
%% Reconstruction of graphs in ex 4.4, p.34, CDF44, 5 scales, D6.
%%
%% Author: Vladimir Kulyukin
%% 
%% NB: I have tested this code in Octave 4.
%% =========================================================================
t = (1.0/1024)*[0:1023];

%%y_ex_4_3_chirp_512_p33 = arrayfun(@(x) sin(x*x), t);

y_ex_4_4_1024_with_noise_cdf44_d6_p34 = [
0.004262164885578377
0.0028613903012321617
0.002190362329694377
0.0013237993425752256
0.0011869829682645062
8.546315783724202E-4
3.2674517289896796E-4
-1.4874778305745023E-4
1.0550587379456271E-4
1.6422451506520932E-4
2.740814075448965E-5
-5.701478403919593E-5
-3.369727244142478E-4
-5.645372152722654E-4
-7.397082566132492E-4
-9.289180804410027E-4
-0.001185504739769543
-0.0014240378304370826
-0.001644517352443622
-0.0018698343135933758
-0.0020770977060821302
-0.002289198537714099
-0.0025061368084892824
-0.002721778891352606
-0.0029193674055549316
-0.0031217933589004704
-0.0033290567513892247
-0.0035350239559661187
-0.003745828599686229
-0.0039553370554944785
-0.00416354932339087
-0.004372108903791482
-0.0017261051037290272
1.550207437948937E-4
0.00127126863878028
0.002592464963456737
0.0031487833355946593
0.003910050137423652
0.004876265368943717
0.0057875648342380305
0.005933986346993813
0.006285356289440664
0.006841674661578586
0.007343077267490757
0.008049428303094002
0.008700863572471497
0.009297383075623241
0.009908617213986911
0.004985019359757172
0.001544475268184778
-4.130150607302703E-4
-0.0027678884476812922
-0.0036397080719749683
-0.004908910754304618
-0.006575496494670241
-0.008135603765549313
-0.008212657273771044
-0.008687093840028744
-0.00955891346432242
-0.010324254619129542
-0.011486978831972645
-0.012543224575329196
-0.013492991849199198
-0.01447128994297942
-0.007451591238175216
-0.0025749493166184125
1.5863582169098962E-4
0.003466451294405572
0.004631209983872751
0.006370199007745111
0.008683418366022651
0.01084277316992687
0.01085907119058369
0.011449599545645688
0.01261435823511287
0.013625252370206722
0.015210376839705763
0.016641636754831476
0.01791903211558387
0.01923765535942437
0.010396619451074115
0.0042778560079288356
8.813650299885351E-4
-0.003244556656580921
-0.004648205877945401
-0.006781285807939034
-0.009643796446561822
-0.012310856715872965
-0.012255644519979137
-0.01292986303271446
-0.014333512254078938
-0.01554171110613177
-0.017479340666813763
-0.019221519858184107
-0.02076824868024281
-0.02236734827091893
-0.012042640155452186
-0.00491290668555042
-9.781478612136305E-4
0.0038127018392402063
0.005408576894129065
0.00786054282513497
0.011168599632257926
0.014247267580477663
0.014130960883132426
0.014870745061904236
0.01646662011679309
0.01783310631277873
0.020055683384881423
0.022048871598080895
0.02381267095237715
0.025637934866169217
0.014225428476554808
0.006359971949326859
0.002041565284485374
-0.0032272705264954882
-0.004949056475089885
-0.0076212715698236585
-0.011243915810696812
-0.014611893329398915
-0.014432820985714558
-0.015204177788169576
-0.016925963736763968
-0.018393082963187313
-0.020810631335750045
-0.022973512986141722
-0.024881727914362353
-0.02685818058512779
-0.014800306275866239
-0.006502918547217234
-0.0019660173991807818
0.0035785030912788784
0.005362537001125989
0.008154190253396304
0.011953462848089826
0.015482744653703069
0.015251539878703771
0.016027954446127674
0.01781198835597478
0.01932603147674161
0.02184769393993165
0.024099365614041413
0.026081046499070896
0.028135071197998282
0.01588854497031039
0.007473839814729201
0.002890955731254722
-0.0027186617140313083
-0.004496458087210632
-0.007300987822201505
-0.01113225091900393
-0.014688401640666855
-0.01441273129022308
-0.01516379430159085
-0.01694159067477017
-0.018444274672809992
-0.020973692032661372
-0.02322799701737325
-0.025207189626945625
-0.027260098375264434
-0.015304759930890251
-0.007102920009173689
-0.0026545786101147607
0.0027995096868816925
0.00450009946122051
0.0072064361334968526
0.010918519703710723
0.014361114204832121
0.014050210183295893
0.014745053059697184
0.016445642834036
0.01787674353928235
0.02031359114246623
0.022480949676557636
0.024378819141556575
0.026348897984987855
0.015132774522355202
0.007449883318865784
0.0033002243745196063
-0.001796161300335594
-0.0033593147160475537
-0.0058691948622685355
-0.00932580173899854
-0.012528733952835693
-0.012198433907529609
-0.012814860592732543
-0.0143780140084445
-0.015687492761263605
-0.01794369824459174
-0.01994622906502702
-0.021695085222569452
-0.023511913301174255
-0.01127252280275556
-0.0027994847206856514
0.0019072009450354641
0.0076230776991282456
0.009572602036872232
0.012531317462987886
0.016499223977475205
0.020196718554824647
0.020127860715825306
0.02106819396519763
0.023017718302941612
0.024696830703547723
0.02738513419252551
0.029803025744365417
0.031950505359067446
0.034170441633949306
0.025734725915023533
0.020154183542665592
0.017428814516875495
0.013938404098621675
0.013303167026935698
0.011902888562786
0.009737568706172584
0.007777241072846203
0.008672086786087664
0.008801891106865403
0.008166654035179424
0.007736409186780479
0.006541122945917818
0.005550828928342191
0.004765527134053598
0.003925297839080584
-0.01785830699506005
-0.034030151266698984
-0.04459023497583624
-0.05665398539581262
-0.06310597525328734
-0.07106163182160119
-0.08052095510075419
-0.08957737209905225
-0.09302202853484869
-0.09797035168148424
-0.10442234153895893
-0.1104714251155787
-0.11802417540303767
-0.12517401940964168
-0.13192095713539082
-0.1387758532737204
-0.10800917366524776
-0.08732316489611702
-0.07671782696632831
-0.06341138142597391
-0.06018560672496155
-0.05425872441338351
-0.04563073449123982
-0.03772650417201675
-0.03990294469213569
-0.03937827760168897
-0.0361525029006766
-0.03365048780258484
-0.028447365093927434
-0.02396800198819065
-0.020212398485374494
-0.016262864181441482
0.0411764529797091
0.08428322602095212
0.11305745494228758
0.14567207748603567
0.16395415590987628
0.1860766279561295
0.21203949362479543
0.2369733289237182
0.2475746201027335
0.2620163049041614
0.28029838332800194
0.29755143138209933
0.3186448730586095
0.3387092843653765
0.3577446653024004
0.37705577409598395
0.23677490084287545
0.13925657029766023
0.08450078246033849
0.01828680583813528
-0.005164628076174488
-0.040074250775365694
-0.08644206225943835
-0.12973966131187864
-0.13027471765642556
-0.14226796278585388
-0.16571939670016364
-0.18610061818284102
-0.2179400284504
-0.24670922628632652
-0.27240821169062074
-0.29892985803656275
-0.20116197589124823
-0.13669737253281083
-0.10553604796125074
-0.0654511367334383
-0.058669504292503144
-0.04296428519531567
-0.018335479441875913
0.0039022584734319087
-0.007163282398137521
-0.009305236613454651
-0.0025236041725194874
0.0018669604302837324
0.015181111689339248
0.026104195110262816
0.03463621069305444
0.04380891097212155
0.024448286504366312
0.01273314335989709
0.00866348153871388
0.002545219171208949
0.004072438126990039
0.0035510565364494096
9.8107439958706E-4
-0.0010399868752744284
0.0045844331731501025
0.008160252675252914
0.009687471631034004
0.011763611448815955
0.01179115072027619
0.012367610853737278
0.013492991849199238
0.014471289942979464
0.0074515912381752526
0.0025749493166184454
-1.5863582169095645E-4
-0.0034664512944055396
-0.0046312099838727175
-0.006370199007745076
-0.008683418366022619
-0.010842773169926836
-0.010859071190583653
-0.011449599545645648
-0.012614358235112826
-0.013625252370206677
-0.015210376839705716
-0.016641636754831428
-0.017919032115583825
-0.01923765535942432
-0.010396619451074075
-0.004277856007928802
-8.813650299885026E-4
0.00324455665658095
0.004648205877945429
0.006781285807939061
0.009643796446561848
0.01231085671587299
0.01225564451997916
0.012929863032714478
0.014333512254078957
0.015541711106131787
