%% ========================================================================
%% Programmatic octave notes on "Ripples in Mathematics" by A. Jensen
%% and A. la Cour-Harbo written with a deep gratitude to the authors for
%% this wonderful text. 
%% 
%% Reconstruction of graphs in ex 4.4, p.34, CDF44, 5 scales, S6.
%%
%% Author: Vladimir Kulyukin
%% 
%% NB: I have tested this code in Octave 4.
%% =========================================================================
t = (1.0/1024)*[0:1023];

%%y_ex_4_3_chirp_512_p33 = arrayfun(@(x) sin(x*x), t);

y_ex_4_4_1024_with_noise_cdf44_s6_p34 = [
-0.004738425462805987
0.009207684616865299
0.02224609681945917
0.035527725935187375
0.04790165717383817
0.06051880532562329
0.07337917039054276
0.08617436568000227
0.09806186309238442
0.11019257741790087
0.12256650865655166
0.13487527011974249
0.1474272484960677
0.15991405709693293
0.17233569592233824
0.18477479693644894
0.19630620007348232
0.20808082012364998
0.22009865708695198
0.23205132427479397
0.2442472083757704
0.25637792270128684
0.2684434672513434
0.2805264739901052
0.2928526976420015
0.30511375151843784
0.31730963561941417
0.32952298190909596
0.34167115842331786
0.35383679712624505
0.3660198980178777
0.37819831993014863
0.38494537745165375
0.39314776467546364
0.40280548160157836
0.41207324410923946
0.42279633631920555
0.433129474110718
0.4430726574837768
0.45312032882834513
0.4646233298752186
0.4757363765036383
0.48645946871360435
0.49728704889507985
0.507724674658102
0.5182667883926335
0.5289133900986747
0.5395319943371311
0.5516059282778927
0.5632899078002004
0.5745839329040546
0.5859824459794183
0.5969910046363285
0.6081040512647481
0.6193215858646774
0.6305111229970218
0.6413107057109129
0.6522147763963133
0.6632233350532234
0.6742038962425485
0.6852889454033836
0.6963459970966337
0.7073750513222992
0.7184116074467938
0.7160247361876348
0.7172346614555837
0.7220413832506405
0.7258843463209195
0.7333241059183065
0.7398001067909157
0.7453123489387473
0.7510828294585815
0.7604501065055239
0.7688536248276885
0.7762933844250756
0.783991382394465
0.7907256216390771
0.7977180992556915
0.8049688152443086
0.8121503364696928
0.8229286542221854
0.8327432132499
0.841594013552837
0.8507030522277763
0.8588483321779385
0.8672518505001029
0.8759136071942699
0.884506169125204
0.892134972331361
0.9000220139095204
0.9081672938596824
0.9162433790466114
0.9245777026055434
0.9328428314012422
0.9410387654337082
0.9492532401471026
0.9380958196194451
0.9321290827774876
0.9313530296212307
0.9291861369632246
0.9322099279909191
0.9338428795168644
0.9340849915410613
0.9346997778865527
0.9405052479177449
0.9449198784471882
0.9479436694748824
0.9513401348238716
0.9533457606711122
0.9557240608396474
0.9584750353294778
0.961126152035877
0.9689679524279773
0.9754189133183282
0.9804790347069308
0.9859118304168277
0.989953786624976
0.9943684171544189
0.9991557220051572
1.0038431690724643
1.007139776638023
1.0108090585248766
1.0148510147330247
1.018793113157742
1.0231078859037546
1.0273228008663362
1.031437858045487
1.0355796720370658
1.0173503183739763
1.005115301017696
0.998874619968226
0.9910277613461853
0.9891752390309547
0.9857165391431535
0.9806516616827825
0.9760171582058822
0.9773769910357921
0.9771306462931314
0.9752781239779008
0.973855975646141
0.9708276497418113
0.9682296978209526
0.966062119883565
0.9637792235848629
0.9674906635929712
0.969595926028509
0.9700950108914763
0.9710244697379149
0.9703477510117833
0.9701014062691227
0.9702854355099334
0.9703541463894294
0.9688166796963558
0.9677095869867529
0.9670328682606211
0.9662408311731746
0.9658791680691998
0.9654021866039103
0.9648098867773065
0.9642484864124892
0.9417224534596704
0.925081826070853
0.914326604246037
0.9019943927532169
0.8955475868243985
0.887523791227576
0.8779230059627499
0.8687447738059372
0.8654519472131266
0.8605821309523116
0.8541353250234931
0.8481110722026881
0.8405098297138796
0.8333311403330848
0.8265750040603038
0.8197056450234712
0.8187216915506407
0.8161607484098059
0.8120228156009672
0.8083074359001422
0.8030150665313138
0.7981452502704989
0.7936979871176979
0.7891375012008452
0.783000025615989
0.7772851031391466
0.7719927337703181
0.7665871416374377
0.7616041026125715
0.7565078408236534
0.7512983562706839
0.7461192096659066
0.7205192019197535
0.70039094742518
0.6857344461821864
0.6696117930742495
0.6589608932178928
0.6468438414965925
0.6332606379103491
0.6200702885322985
0.6123516924058282
0.6031669444144144
0.5925160445580575
0.5822579989098933
0.5705338013967861
0.5592024580918716
0.5482639689951502
0.5372202149306
0.5316482141176304
0.5246100614397174
0.516105756896861
0.5079943065621975
0.4984167043625909
0.4892319563711771
0.48044006258795624
0.4715429038369069
0.4611795932209145
0.4512091368131148
0.44163153461350824
0.43194866744607296
0.4226586544868308
0.4132633765597601
0.403762833664861
0.3942904964330826
0.39903944905321864
0.39997781854220504
0.3971056049000423
0.3952544339305627
0.38959267982993373
0.38495196840198787
0.3813322996467252
0.3774390433318792
0.36973520388588416
0.3630524071125721
0.35739065301194317
0.3514553113517309
0.34654101236420204
0.3413531258170899
0.33589165171039453
0.3305034851693487
0.3213047354971537
0.3131270284976418
0.30597036417081297
0.2985401122844009
0.292130903070672
0.2854481062973599
0.2784917219644647
0.27160864519721895
0.26574661110265646
0.25961098944851074
0.2532017802347818
0.24686587858670236
0.2402563893790399
0.23372020773702684
0.2272573336606633
0.22077481688128486
0.3143434212907709
0.3811034085758722
0.4210547787365891
0.4681894962059798
0.48851559655098603
0.5160250442046661
0.5507178391670204
0.583485862019063
0.5894452677467215
0.6025880207830536
0.6229141211280598
0.6413154493627542
0.666900124906123
0.6905600283391802
0.7122951596619259
0.7345460321172433
0.7299882874481769
0.7326138900877841
0.7424228400360652
0.7503070178740345
0.7653745430206783
0.7785172960570104
0.7897352769830311
0.8014689990416235
0.8203860684088904
0.8373783656658453
0.852445890812489
0.8680291570917044
0.8816876512606087
0.8958618865620845
0.9105518629961324
0.925103647010204
0.8179427035433222
0.7433945871135512
0.701459297720891
0.6507854276607408
0.6327243846377019
0.605924760947173
0.5703865565891543
0.5371898478639836
0.5366059661759242
0.5272835038203747
0.5092224607973355
0.4935029134071443
0.46904478534946364
0.4469281529246309
0.4271530161326462
0.40675047747675885
0.4189607658579827
0.42243247357171665
0.4171656006179608
0.41424022329705296
0.40257626530865553
0.39325380295310597
0.38627283623040465
0.3786644676438005
0.36231751838970705
0.34831206476846144
0.33664810678006396
0.32435674692776373
0.3144068827083117
0.3038296166249569
0.29262494867769956
0.28158839255320456
0.28397526381236393
0.2827653385444152
0.2779586167493585
0.2741156536790794
0.2666758940816925
0.26019989320908316
0.25468765106125146
0.2489171705414171
0.23954989349447492
0.23114637517231038
0.22370661557492338
0.2160086176055338
0.2092743783609219
0.20228190074430732
0.19503118475569015
0.1878496635303057
0.17707134577781358
0.167256786750099
0.15840598644716203
0.14929694777222247
0.14115166782206046
0.13274814949989586
0.12408639280572867
0.11549383087479426
0.10786502766863754
0.09997798609047816
0.09183270614031619
0.08375662095338703
0.07542229739445529
0.06715716859875634
0.05896123456629024
0.05074675985289542
0.06190418038055348
0.0678709172225111
0.06864697037876831
0.07081386303677434
0.06779007200907997
0.0661571204831344
0.06591500845893766
0.06530022211344602
0.05949475208225401
0.05508012155281079
0.05205633052511639
0.04865986517612709
0.04665423932888664
0.044275939160351274
0.041524964670521004
0.03887384796412151
0.031032047572021635
0.024581086681670573
0.019520965293068338
0.014088169583171193
0.010046213375022888
0.005631582845579672
8.442779948415547E-4
-0.0038431690724657773
-0.007139776638024282
-0.010809058524877688
-0.014851014733025998
-0.018793113157743516
-0.02310788590375595
-0.027322800866337593
-0.03143785804548844
