%% ========================================================================
%% Programmatic octave notes on "Ripples in Mathematics" by A. Jensen
%% and A. la Cour-Harbo written with a deep gratitude to the authors for
%% this wonderful text. 
%% 
%% Reconstruction of graphs in ex 4.4, p.34, CDF44, 4 scales, S5.
%%
%% Author: Vladimir Kulyukin
%% 
%% NB: I have tested this code in Octave 4.
%% =========================================================================
t = (1.0/512)*[0:511];

%%y_ex_4_3_chirp_512_p33 = arrayfun(@(x) sin(x*x), t);

y_ex_4_4_512_with_noise_cdf44_s5_p34 = [
0.14849139023495356
0.1394192134636268
0.14389639485440048
0.1447430366676793
0.1591390366430586
0.16990449704094296
0.17703941786133254
0.18514713882960102
0.20680421795997
0.2248307575128441
0.23922675748822336
0.25459555761148156
0.266333818157245
0.27904487885088736
0.2927287396924086
0.30615193951990877
0.3499728658082197
0.38564874583961406
0.41317957961409213
0.44289287195542504
0.4644611180398417
0.4882118226911131
0.5141449859092395
0.5394933611168624
0.5566966900675696
0.5760824775851315
0.5976507236695481
0.6186341817434615
0.6418000983842298
0.6643812270144949
0.6863775676342568
0.7085306017291764
0.7112384474260499
0.7191566156508508
0.7322851064035794
0.7440174954426437
0.7609602070096361
0.7765068168629643
0.7906573250026288
0.8051819174690209
0.824916832463341
0.843255645743997
0.860198357310989
0.8775151532047091
0.8934358473847656
0.9097306258915496
0.9263994887250617
0.9429681159653259
0.9313083487105646
0.9272123569643722
0.9306801407267494
0.9321212169498752
0.9411260686815701
0.9481042128740134
0.9530556495272053
0.9585501408288337
0.9716084076390317
0.9826399669099781
0.991644818641673
1.0011927250218042
1.0087139238626843
1.0167781773520006
1.0253854854897537
1.0338472825730118
1.0095949962350999
0.9941084221310144
0.9873875602607564
0.9783179328763605
0.978014017725792
0.9753613370610856
0.9703598908822415
0.9659877945261206
0.9703814104038275
0.9724262607673964
0.9721223456168275
0.9724477802889817
0.9704244494469991
0.9690304684277391
0.9682658372312025
0.9673325722579105
0.9341799575842717
0.9096604916434968
0.8937741744355856
0.8755746119965656
0.86600819829041
0.8541285393531453
0.839935635184772
0.8263625632079692
0.8214226399640312
0.8141694714889839
0.8046030577828281
0.7956564762682428
0.784396649522549
0.7737566549684256
0.7637364926058733
0.7535502467081465
0.7136263436649911
0.6816706218387468
0.6576830812294139
0.6315604728978645
0.6134060457832268
0.5931165509463725
0.5706919883873021
0.5488395155001851
0.53495522382998
0.5189358644375582
0.5007814373229205
0.4831990998802361
0.4634816947153355
0.44433637922238856
0.4257631534013952
0.4070366366148036
0.40706226477286667
0.40206327083665805
0.392039654806178
0.38336238220812935
0.36966048751580954
0.3573049362559212
0.34629572842846446
0.33492576896555265
0.3185311874083695
0.30348294928361785
0.2897810545912978
0.27571840826352273
0.2630021053681795
0.24992505083738112
0.23648724467112775
0.22314610161426268
0.3587955514972491
0.4545230923221682
0.51032872408902
0.5768313991482894
0.6034121651494918
0.6406899744431118
0.6886648270291499
0.7337734155035835
0.7389600949199505
0.754843817628735
0.7814245836299372
0.8051390855195352
0.8395506307015514
0.8710959117719633
0.899774928730771
0.9292219588435774
0.7789949437112652
0.6769114439032153
0.622971459419428
0.5561314588837091
0.5374349736722531
0.5058384724088654
0.46134195509354614
0.42030198666169033
0.4274055335540973
0.42160906439457263
0.40291257918311646
0.3876726428551238
0.35953269047519976
0.33484928697873917
0.31362243236574217
0.29146939827082236
0.2887615525739492
0.2808433843491483
0.26771489359641987
0.2559825045573552
0.2390397929903631
0.22349318313703476
0.20934267499737036
0.19481808253097796
0.1750831675366581
0.15674435425600203
0.13980164268900985
0.1224848467952897
0.1065641526152335
0.0902693741084493
0.07360051127493719
0.057031884034672936
0.06869165128943455
0.07278764303562682
0.06931985927324978
0.06787878305012418
0.058873931318429266
0.0518957871259858
0.046944350472793786
0.04144985917116527
0.028391592360967458
0.017360033090021088
0.008355181358326172
-0.0011927250218052399
-0.0087139238626852
-0.016778177352001652
-0.025385485489754604
-0.033847282573013025
-0.009594996235100635
0.005891577868984658
0.012612439739242849
0.021682067123638623
0.021985982274207304
0.024638662938913564
0.02964010911775741
0.03401220547387802
0.029618589596171536
0.027573739232602625
0.027877654383171302
0.027552219711016734
0.02957555055299977
0.030969531572259554
0.031734162768796106
0.03266742774208802
0.06582004241572717
0.09033950835650233
0.10622582556441353
0.12442538800343338
0.1339918017095893
0.14587146064685386
0.16006436481522707
0.17363743679202953
0.17857736003596816
0.18583052851101536
0.19539694221717124
0.20434352373175635
0.21560335047745025
0.2262433450315733
0.23626350739412577
0.24644975329185234
0.2834555112463571
0.3132750026038514
0.3359082273643352
0.3604670064560826
0.3778395189508197
0.3971375857768204
0.41836120693408485
0.4390688773633049
0.4525902811955147
0.468037239358988
0.48540975185372504
0.5022663136204176
0.5210484297183741
0.5393145950882859
0.5570648097301536
0.5749532729529349
0.6101783829977634
0.6407581525271606
0.6666925815411269
0.6938717257947702
0.7164055295329828
0.7401840485108723
0.7652072827284393
0.789896996502728
0.8099413697615861
0.8312304582601213
0.8537642619983337
0.8759645452932678
0.8994095438278795
0.9225210219192126
0.9452989795672675
0.9681663037487579
0.9962480621960026
1.022932617192753
1.0482199687390097
1.073881699821488
1.0981462274534723
1.1227851346216784
1.1477984213261065
1.172711393336141
1.1962271618956823
1.220117309991445
1.2443818376234295
1.2685460505610204
1.2930846430348335
1.3175229208142527
1.341860883899279
1.3662257262256565
1.382888939913499
1.401615798775441
1.422406302811483
1.44264385478966
1.4649450519419382
1.4866932970363513
1.5078885900729
1.5292320461668059
1.5526391474348136
1.5754932966449557
1.5977944937972337
1.6202438540068689
1.64214026215864
1.6641848333677687
1.6863775676342558
1.708530601729175
1.7112384474260491
1.7191566156508502
1.732285106403579
1.744017495442643
1.7609602070096355
1.7765068168629639
1.790657325002628
1.80518191746902
1.8249168324633405
1.8432556457439961
1.8601983573109886
1.8775151532047085
1.8934358473847646
1.9097306258915483
1.9263994887250604
1.9429681159653243
1.9313083487105636
1.9272123569643715
1.9306801407267487
1.932121216949874
1.941126068681569
1.9481042128740125
1.9530556495272047
1.9585501408288328
1.9716084076390308
1.982639966909977
1.9916448186416722
2.001192725021803
2.0087139238626834
2.0167781773519997
2.025385485489753
2.033847282573011
2.009594996235099
1.994108422131014
1.9873875602607556
1.9783179328763594
1.9780140177257912
1.9753613370610847
1.9703598908822408
1.9659877945261195
1.970381410403827
1.972426260767396
1.9721223456168273
1.9724477802889815
1.9704244494469987
1.9690304684277389
1.9682658372312019
1.9673325722579096
1.934179957584271
1.9096604916434958
1.8937741744355847
1.8755746119965648
1.8660081982904093
1.8541285393531446
1.839935635184771
1.8263625632079683
1.8214226399640303
1.814169471488983
1.8046030577828271
1.795656476268242
1.7843966495225478
1.7737566549684245
1.7637364926058723
1.753550246708145
1.719462633842292
1.691779372953548
1.6705004640419134
1.6475055141899673
1.6309149163151313
1.6126082774999837
1.5925855977445251
1.5730227297732016
1.559864213778988
1.5449896568444628
1.5283990589696266
1.5122682728789252
1.4944214458479133
1.477034430601036
1.4601072271382938
1.4430568174793221
1.3725809692316036
1.316420424109018
1.2745751821115658
1.2288941662023274
1.1975284534182227
1.162326966722331
1.1232897061146538
1.0852802380289877
1.0615860730684556
1.034056134196137
1.002690421412032
0.9723525011499383
0.9381788069760588
0.9050329053241906
0.872914796194334
0.8405212908882174
0.6487083241107429
0.49961167329232314
0.39323133843295827
