%% ========================================================================
%% Programmatic octave notes on "Ripples in Mathematics" by A. Jensen
%% and A. la Cour-Harbo written with a deep gratitude to the authors for
%% this wonderful text. 
%% 
%% Reconstruction of graphs in ex 4.3, p.34, HWT, 4 scales, D8.
%%
%% Author: Vladimir Kulyukin
%% 
%% NB: I have tested this code in Octave 4.
%% =========================================================================
t = (1.0/512)*[0:511];

%%y_ex_4_3_chirp_512_p33 = arrayfun(@(x) sin(x*x), t);

y_ex_4_4_512_with_noise_hwt_d8_p34 = [
-0.012270614261456144
0.012270614261456144
-0.012248444636124706
0.012248444636124706
-0.012196767434827796
0.012196767434827796
-0.012115707152469735
0.012115707152469735
-0.012005459070370775
0.012005459070370775
-0.011866288785817247
0.011866288785817247
-0.011698531572214593
0.011698531572214593
-0.011502591571384028
0.011502591571384028
-0.01127894081995004
0.01127894081995004
-0.011028118112162227
0.011028118112162227
-0.010750727701893198
0.010750727701893198
-0.010447437846937746
0.010447437846937746
-0.01011897919912158
0.01011897919912158
-0.009766143044096731
0.009766143044096731
-0.009389779395065634
0.009389779395065634
-0.00899079494502425
0.00899079494502425
-0.008570150882459715
0.008570150882459715
-0.00812886057576273
0.00812886057576273
-0.007667987131934673
0.007667987131934673
-0.007188640835469439
0.007188640835469439
-0.006691976473580885
0.006691976473580885
-0.006179190554219616
0.006179190554219616
-0.005651518423580193
0.005651518423580193
-0.005110231290043676
0.005110231290043676
-0.004556633161726054
0.004556633161726054
-0.003992057705007934
0.003992057705007934
-0.003417865031615452
0.003417865031615452
-0.0028354384219922975
0.0028354384219922975
-0.0022461809928553955
0.0022461809928553955
-0.0016515123169644765
0.0016515123169644765
-0.0010528650032466946
0.0010528650032466946
-4.516812455159225E-4
4.516812455159225E-4
1.5059065189787502E-4
-1.5059065189787502E-4
7.524997632410989E-4
-7.524997632410989E-4
0.0013525960367434808
-0.0013525960367434808
0.0019494337879198962
-0.0019494337879198962
0.0025415751823509303
-0.0025415751823509303
0.003127593699552067
-0.003127593699552067
0.0037060775695861303
-0.0037060775695861303
0.00427563317414098
-0.00427563317414098
0.004834888403878024
-0.004834888403878024
0.005382495963964118
-0.005382495963964118
0.0059171366198217945
-0.0059171366198217945
0.006437522375282444
-0.006437522375282444
0.006942399575480818
-0.006942399575480818
0.007430551927019302
-0.007430551927019302
0.007900803428126213
-0.007900803428126213
0.008352021201746052
-0.008352021201746052
0.00878311822474026
-0.00878311822474026
0.009193055946620954
-0.009193055946620954
0.009580846791509279
-0.009580846791509279
0.009945556537294009
-0.009945556537294009
0.010286306566252512
-0.010286306566252512
0.010602275981718812
-0.010602275981718812
0.010892703585695496
-0.010892703585695496
0.011156889712646058
-0.011156889712646058
0.011394197915050778
-0.011394197915050778
0.011604056496664463
-0.011604056496664463
0.011785959889781955
-0.011785959889781955
0.01193946987319701
-0.01193946987319701
0.012064216627913696
-0.012064216627913696
0.012159899628072728
-0.012159899628072728
0.012226288364946545
-0.012226288364946545
0.01226322290225282
-0.01226322290225282
0.012270614261456146
-0.012270614261456146
0.012248444636124844
-0.012248444636124844
0.01219676743482778
-0.01219676743482778
0.012115707152469679
-0.012115707152469679
0.012005459070370704
-0.012005459070370704
0.011866288785817192
-0.011866288785817192
0.011698531572214566
-0.011698531572214566
0.011502591571384058
-0.011502591571384058
0.011278940819950066
-0.011278940819950066
0.011028118112162422
-0.011028118112162422
0.010750727701893115
-0.010750727701893115
0.01044743784693769
-0.01044743784693769
0.010118979199121692
-0.010118979199121692
0.009766143044096731
-0.009766143044096731
0.009389779395065634
-0.009389779395065634
0.008990794945024194
-0.008990794945024194
0.00857015088245966
-0.00857015088245966
0.008128860575762675
-0.008128860575762675
0.007667987131934617
-0.007667987131934617
0.007188640835469384
-0.007188640835469384
0.00669197647358094
-0.00669197647358094
0.006179190554219671
-0.006179190554219671
0.0056515184235801375
-0.0056515184235801375
0.005110231290043676
-0.005110231290043676
0.00455663316172622
-0.00455663316172622
0.003992057705007934
-0.003992057705007934
0.003417865031615508
-0.003417865031615508
0.0028354384219922424
-0.0028354384219922424
0.0022461809928553955
-0.0022461809928553955
0.0016515123169645873
-0.0016515123169645873
0.0010528650032466391
-0.0010528650032466391
4.516812455159225E-4
-4.516812455159225E-4
-1.5059065189787502E-4
1.5059065189787502E-4
-7.524997632410989E-4
7.524997632410989E-4
-0.0013525960367434253
0.0013525960367434253
-0.0019494337879198407
0.0019494337879198407
-0.0025415751823509303
0.0025415751823509303
-0.003127593699552011
0.003127593699552011
-0.003706077569586075
0.003706077569586075
-0.004275633174140925
0.004275633174140925
-0.004834888403878024
0.004834888403878024
-0.005382495963964007
0.005382495963964007
-0.0059171366198217945
0.0059171366198217945
-0.006437522375282501
0.006437522375282501
-0.006942399575480762
0.006942399575480762
-0.007430551927019579
0.007430551927019579
-0.007900803428126157
0.007900803428126157
-0.008352021201746052
0.008352021201746052
-0.00878311822474026
0.00878311822474026
-0.009193055946620787
0.009193055946620787
-0.009580846791509279
0.009580846791509279
-0.009945556537294009
0.009945556537294009
-0.010286306566252457
0.010286306566252457
-0.010602275981718812
0.010602275981718812
-0.010892703585695496
0.010892703585695496
-0.011156889712646058
0.011156889712646058
-0.011394197915051196
0.011394197915051196
-0.011604056496664239
0.011604056496664239
-0.011785959889781927
0.011785959889781927
-0.011939469873196995
0.011939469873196995
-0.012064216627913517
0.012064216627913517
-0.012159899628073177
0.012159899628073177
-0.012226288364946545
0.012226288364946545
-0.012263222902252846
0.012263222902252846
-0.012270614261456037
0.012270614261456037
-0.012248444636124622
0.012248444636124622
-0.01219676743482778
0.01219676743482778
-0.012115707152469679
0.012115707152469679
-0.012005459070370761
0.012005459070370761
-0.011866288785817192
0.011866288785817192
-0.011698531572214453
0.011698531572214453
-0.011502591571384002
0.011502591571384002
-0.011278940819949956
0.011278940819949956
-0.0110281181121622
0.0110281181121622
-0.010750727701893226
0.010750727701893226
-0.01044743784693769
0.01044743784693769
-0.010118979199121525
0.010118979199121525
-0.009766143044097064
0.009766143044097064
-0.009389779395065578
0.009389779395065578
-0.008990794945024194
0.008990794945024194
-0.008570150882459604
0.008570150882459604
-0.008128860575762786
0.008128860575762786
-0.007667987131934728
0.007667987131934728
-0.007188640835469439
0.007188640835469439
-0.006691976473580885
0.006691976473580885
-0.006179190554219671
0.006179190554219671
-0.0056515184235801375
0.0056515184235801375
-0.005110231290043732
0.005110231290043732
-0.004556633161726165
0.004556633161726165
-0.00399205770500799
0.00399205770500799
-0.003417865031615563
0.003417865031615563
-0.0028354384219922975
0.0028354384219922975
-0.00224618099285534
0.00224618099285534
-0.0016515123169645873
0.0016515123169645873
-0.0010528650032466391
0.0010528650032466391
-4.5168124551586697E-4
4.5168124551586697E-4
1.5059065189793053E-4
-1.5059065189793053E-4
7.524997632410989E-4
-7.524997632410989E-4
0.0013525960367434253
-0.0013525960367434253
0.0019494337879200072
-0.0019494337879200072
0.002541575182351097
-0.002541575182351097
0.003127593699552178
-0.003127593699552178
0.0037060775695858528
-0.0037060775695858528
0.004275633174140703
-0.004275633174140703
0.004834888403877913
-0.004834888403877913
0.005382495963963896
-0.005382495963963896
0.005917136619821517
-0.005917136619821517
0.006437522375282723
