%% ========================================================================
%% Programmatic octave notes on "Ripples in Mathematics" by A. Jensen
%% and A. la Cour-Harbo written with a deep gratitude to the authors for
%% this wonderful text. 
%% 
%% Reconstruction of graphs in ex 4.4, p.34, CDF44, 5 scales, D8.
%%
%% Author: Vladimir Kulyukin
%% 
%% NB: I have tested this code in Octave 4.
%% =========================================================================
t = (1.0/1024)*[0:1023];

%%y_ex_4_3_chirp_512_p33 = arrayfun(@(x) sin(x*x), t);

y_ex_4_4_1024_with_noise_cdf44_d8_p34 = [
3.7145853351368936E-5
1.1532566797186114E-6
-6.6755641245525365E-6
-2.2050845928299073E-5
-2.7741716133025897E-5
-3.602751660488065E-5
-4.690824734386333E-5
-5.7093668613354004E-5
1.8483945989523446E-5
7.108142438995844E-5
1.00698766587951E-4
1.3647361772334518E-4
-8.75575726052087E-6
-1.0548519602911083E-4
-1.5371469858242468E-4
-2.1493971987758268E-4
-3.5597187641063364E-7
1.4032503912638796E-4
2.0710331313081307E-4
2.9368376583240193E-4
1.0314524340824553E-5
-1.7392699535155316E-4
-2.5904079324473117E-4
-3.7071578414154166E-4
-1.9192461538626736E-5
2.0821724702657876E-4
3.1151334155407487E-4
4.4806557873268313E-4
2.9285471434308476E-5
-2.4069378263057658E-4
-3.61872183461972E-4
-5.22921652750343E-4
-3.784411730460403E-5
2.7410420901468995E-4
4.1292332620753905E-4
5.981322751720578E-4
4.797438342876329E-5
-3.051425572062467E-4
-4.6121854673297205E-4
-6.700914999850225E-4
-5.613131353317911E-5
3.3735139762944077E-4
5.103566335028371E-4
7.424386308292336E-4
6.620127588534259E-5
-3.666526421481645E-4
-5.561231232712874E-4
-8.108079997656588E-4
-7.387793452793174E-5
3.973497078700448E-4
6.028749274282709E-4
8.795948966134004E-4
8.379061386590549E-5
-4.2463166171344876E-4
-6.456719301246621E-4
-9.437159752758139E-4
-9.091307062747617E-5
4.5352132321026755E-4
6.895872062374173E-4
0.0010082801827074534
1.0057300243025396E-4
-4.7852124624912155E-4
-7.290025633306729E-4
-0.0010675354500562849
-1.0707266415864835E-4
5.053252802880658E-4
7.696583832838574E-4
0.0011272551794600902
1.1638681800240258E-4
-5.278024095971472E-4
-8.05312503338559E-4
-0.001181073974878602
-1.2220108940209546E-4
5.522626786778837E-4
8.423173293613354E-4
0.0012353740926143472
1.3107976489373506E-4
-5.720005472146341E-4
-8.738668437107601E-4
-0.0012832381116822343
-1.3615265135274697E-4
5.938814855745104E-4
9.068642990995378E-4
0.0013315956779325236
1.4451034199365763E-4
-6.106900068751054E-4
-9.340053686737657E-4
-0.0013730439639809855
-1.4879298884227414E-4
6.29780889116341E-4
9.626776698948601E-4
0.0014149932689478326
1.5654920550274413E-4
-6.434981879322489E-4
-9.851489113571464E-4
-0.0014496266523243647
-1.6000036851065107E-4
6.596151584228299E-4
0.0010092199284760781
0.0014847637012693254
1.6708041458441574E-4
-6.70109129667685E-4
-0.0010268049314869768
-0.0015122486435593474
-1.6966685716531606E-4
6.830969731711423E-4
0.001046042847450028
0.0015402350474928027
1.760025479380134E-4
-6.902665541655569E-4
-0.0010585722588179079
-0.0015603068536775714
-1.7769936123585895E-4
7.000001906494737E-4
0.0010727918019784266
0.0015808730882315226
1.832296805424498E-4
-7.037763344087706E-4
-0.0010801449566221384
-0.0015933384558447475
-1.840205233177089E-4
7.101620236324101E-4
0.0010892091850056096
0.0016062864569368394
1.8869221115954722E-4
-7.105083638282521E-4
-0.0010913152680265584
-0.0016110253376743144
-1.885694671639071E-4
7.134846081138883E-4
0.0010951368881590715
0.0016162304089765395
1.9233753263358085E-4
-7.103978093007227E-4
-0.001091975616826371
-0.0016131971648262133
-1.9130238395884006E-4
7.099359457888349E-4
0.0010905178244168116
0.0016106091786563654
1.9413053852598247E-4
-7.034457355266322E-4
-0.0010821196435014785
-0.0015998330214174615
-1.9219295421977974E-4
6.995502122152157E-4
0.0010753964778875249
0.0015894769014969147
1.9405396120970327E-4
-6.897190947769017E-4
-0.0010618422664629
-0.001571061611454723
-1.9123260126804208E-4
6.824274276852182E-4
0.0010499184754050577
0.0015530370928800762
1.9210853816644367E-4
-6.693500821057219E-4
-0.0010313387679364207
-0.0015271600193443359
-1.884305738279294E-4
6.587324939736519E-4
0.0010143291840604078
0.001501640688082143
1.883130048833516E-4
-6.425348622398666E-4
-9.909029132875117E-4
-0.0014685510414169226
-1.8381385695508755E-4
6.286936062454515E-4
9.689713481846942E-4
0.0014357826625778752
1.8270391442097046E-4
-6.095316804053258E-4
-9.409241219010135E-4
-0.0013957991141690495
-1.774269121570624E-4
5.926000554099507E-4
9.142817885319898E-4
0.0013560972651539016
1.7533528538641734E-4
-5.706583752845831E-4
-8.818837168590996E-4
-0.0013096048784301555
-1.6933124920327772E-4
5.507994420930866E-4
8.507871954589374E-4
0.0012633519097489084
1.662780817057912E-4
-5.262893180562778E-4
-8.143502895372987E-4
-0.001210798431809424
-1.596048337540883E-4
5.036943290509193E-4
7.790990566055986E-4
0.0011584397848341296
1.5561952920134249E-4
-4.7685180699599843E-4
-7.389742237578932E-4
-0.0011003313344002544
-1.4834133650676779E-4
4.517383642727884E-4
6.999077679384141E-4
0.0010423712515239135
1.434622755604286E-4
-4.228219523606695E-4
-6.564814322393808E-4
-9.79267444738655E-4
-1.3564923109732894E-4
3.954319121013747E-4
6.139759848574558E-4
9.162641132434264E-4
1.299234017813814E-4
-3.6472009118615787E-4
-5.676663656591914E-4
-8.487726742622323E-4
-1.216507494389533E-4
3.353172344514859E-4
5.221312774090852E-4
7.81332850671724E-4
1.1513329461989785E-4
-3.0310577615726847E-4
-4.73384361659775E-4
-7.101037589464558E-4
-1.064807045624914E-4
2.719732685307339E-4
4.252581603332201E-4
6.388769256280174E-4
9.923439089299344E-5
-2.3857238680942235E-4
-3.7454340747922985E-4
-5.645961562496489E-4
-9.028519229288032E-5
2.06010051358096E-4
3.2428957470327993E-4
4.902682665444455E-4
8.237980573461094E-5
-1.7174141495964035E-4
-2.720953955383084E-4
-4.1365118392830945E-4
0.0033447485657335857
0.00605815837845719
0.007726578254242506
0.009675002339729084
0.010318638108013662
0.011311890852186077
0.012654760572246333
0.013903950705957228
-0.035017627945001295
-0.07049598961645906
-0.09253113430841609
-0.11816837813370668
-0.07579614830725676
-0.051647002023456415
-0.04572093928230567
-0.03491201602229707
0.10650830373497265
0.21293140527850007
0.28435728860828524
0.3651606482957783
0.091794593660743
-0.08667205242276715
-0.1702392899547521
-0.27923474737030934
-0.11045643049688783
-0.016107372122743116
0.0038124277521247724
0.04367548733512116
0.009267312508757721
-0.005239945036755143
1.537146985825688E-4
2.1493971987779551E-4
3.5597187642739134E-7
-1.403250391264963E-4
-2.0710331313097562E-4
-2.936837658326377E-4
-1.031452434087482E-5
1.7392699535161903E-4
2.590407932448439E-4
3.7071578414171974E-4
1.9192461538680337E-5
-2.082172470265988E-4
-3.1151334155411764E-4
-4.4806557873276233E-4
-2.928547143431955E-5
2.4069378263060566E-4
3.6187218346201317E-4
5.229216527504036E-4
3.784411730462299E-5
-2.7410420901469634E-4
-4.1292332620755434E-4
-5.981322751720865E-4
-4.797438342873521E-5
3.051425572063127E-4
4.612185467330572E-4
6.700914999851319E-4
5.6131313533143114E-5
-3.373513976295767E-4
-5.103566335030276E-4
-7.424386308294906E-4
-6.620127588537962E-5
3.666526421482707E-4
5.5612312327146E-4
8.108079997659186E-4
7.387793452797039E-5
-3.9734970787014474E-4
-6.028749274284266E-4
-8.795948966136344E-4
-8.379061386594734E-5
4.246316617135266E-4
6.456719301247873E-4
9.437159752760057E-4
9.091307062752499E-5
-4.5352132321030555E-4
-6.89587206237486E-4
-0.001008280182707568
-1.0057300243025065E-4
4.7852124624919875E-4
7.290025633307802E-4
0.001067535450056434
1.0707266415863317E-4
-5.053252802881901E-4
-7.696583832840356E-4
-0.0011272551794603372
-1.1638681800244828E-4
5.278024095972302E-4
8.053125033386984E-4
0.0011810739748788174
1.2220108940214265E-4
-5.522626786779392E-4
-8.423173293614284E-4
-0.0012353740926144949
-1.3107976489376514E-4
5.720005472146755E-4
8.738668437108267E-4
0.0012832381116823386
1.3615265135278468E-4
-5.938814855745114E-4
-9.068642990995496E-4
