%% ========================================================================
%% Programmatic octave notes on "Ripples in Mathematics" by A. Jensen
%% and A. la Cour-Harbo written with a deep gratitude to the authors for
%% this wonderful text. 
%% 
%% Reconstruction of graphs in ex 4.4, p.34, HWT, 5 scales, D10.
%%
%% Author: Vladimir Kulyukin
%% 
%% NB: I have tested this code in Octave 4.
%% =========================================================================
t = (1.0/1024)*[0:1023];

%%y_ex_4_3_chirp_512_p33 = arrayfun(@(x) sin(x*x), t);

y_ex_4_4_1024_with_noise_hwt_d10_p34 = [
-0.006135769142859962
0.006135769142859962
-0.006132997209223273
0.006132997209223273
-0.006126530987395282
0.006126530987395282
-0.006116374372386234
0.006116374372386234
-0.006102533482161228
0.006102533482161228
-0.006085016653954986
0.006085016653954986
-0.006063834439249849
0.006063834439249849
-0.006038999597419867
0.006038999597419867
-0.006010527088045156
0.006010527088045156
-0.005978434061900655
0.005978434061900655
-0.00594273985062535
0.00594273985062535
-0.005903465955077346
0.005903465955077346
-0.005860636032382876
0.005860636032382876
-0.005814275881685704
0.005814275881685704
-0.005764413428607257
0.005764413428607257
-0.005711078708424716
0.005711078708424716
-0.0056543038479791585
0.0056543038479791585
-0.005594123046323646
0.005594123046323646
-0.005530572554122787
0.005530572554122787
-0.005463690651816733
0.005463690651816733
-0.005393517626562538
0.005393517626562538
-0.005320095747966769
0.005320095747966769
-0.005243469242623644
0.005243469242623644
-0.005163684267474655
0.005163684267474655
-0.005080788882005471
0.005080788882005471
-0.004994833019296763
0.004994833019296763
-0.004905868455946094
0.004905868455946094
-0.004813948780879762
0.004813948780879762
-0.004719129363072949
0.004719129363072949
-0.004621467318197514
0.004621467318197514
-0.004521021474217346
0.004521021474217346
-0.004417852335953043
0.004417852335953043
-0.0043120220486355665
0.0043120220486355665
-0.004203594360472962
0.004203594360472962
-0.004092634584250077
0.004092634584250077
-0.0039792095579871956
0.0039792095579871956
-0.0038633876046787474
0.0038633876046787474
-0.0037452384911386694
0.0037452384911386694
-0.003624833385974968
0.003624833385974968
-0.00350224481672079
0.00350224481672079
-0.0033775466261463656
0.0033775466261463656
-0.003250813927779095
0.003250813927779095
-0.003122123060657289
0.003122123060657289
-0.002991551543347626
0.002991551543347626
-0.002859178027249498
0.002859178027249498
-0.002725082249219246
0.002725082249219246
-0.002589344983539521
0.002589344983539521
-0.0024520479932635397
0.0024520479932635397
-0.0023132739809644254
0.0023132739809644254
-0.002173106538918057
0.002173106538918057
-0.0020316300987502367
0.0020316300987502367
-0.001888929880578538
0.001888929880578538
-0.0017450918416784256
0.0017450918416784256
-0.0016002026247061152
0.0016002026247061152
-0.0014543495055080458
0.0014543495055080458
-0.0013076203405495423
0.0013076203405495423
-0.0011601035139929272
0.0011601035139929272
-0.0010118878844586066
0.0010118878844586066
-8.630627314994976E-4
8.630627314994976E-4
-7.137177018230467E-4
7.137177018230467E-4
-5.639427552905918E-4
5.639427552905918E-4
-4.138281107294861E-4
4.138281107294861E-4
-2.634641915885694E-4
2.634641915885694E-4
-1.1294157147012651E-4
1.1294157147012651E-4
3.7649080427748505E-5
-3.7649080427748505E-5
1.8821705392735313E-4
-1.8821705392735313E-4
3.386716525116129E-4
-3.386716525116129E-4
4.889222479561028E-4
-4.889222479561028E-4
6.388783349204341E-4
-6.388783349204341E-4
7.884495854649786E-4
-7.884495854649786E-4
9.375459034612899E-4
-9.375459034612899E-4
0.0010860774788624683
-0.0010860774788624683
0.001233954841801388
-0.001233954841801388
0.0013810889164841966
-0.0013810889164841966
0.0015273910748459518
-0.0015273910748459518
0.0016727731899369713
-0.0016727731899369713
0.0018171476890075366
-0.0018171476890075366
0.001960427606257642
-0.001960427606257642
0.0021025266352229233
-0.0021025266352229233
0.002243359180761628
-0.002243359180761628
0.002382840410614484
-0.002382840410614484
0.0025208863065041
-0.0025208863065041
0.0026574137147447607
-0.0026574137147447607
0.002792340396330639
-0.002792340396330639
0.002925585076474224
-0.002925585076474224
0.0030570674935623265
-0.0030570674935623265
0.0031867084475034613
-0.0031867084475034613
0.003314429847434519
-0.003314429847434519
0.0034401547587600834
-0.0034401547587600834
0.0035638074494944716
-0.0035638074494944716
0.0036853134358806883
-0.0036853134358806883
0.0038045995272558697
-0.0038045995272558697
0.003921593870139017
-0.003921593870139017
0.00403622599151271
-0.00403622599151271
0.00414842684127309
-0.00414842684127309
0.004258128833824093
-0.004258128833824093
0.004365265888787329
-0.004365265888787329
0.004469773470806904
-0.004469773470806904
0.004571588628423273
-0.004571588628423273
0.004670650031992629
-0.004670650031992629
0.004766898010629572
-0.004766898010629572
0.004860274588150693
-0.004860274588150693
0.004950723517997246
-0.004950723517997246
0.005038190317115998
-0.005038190317115998
0.005122622298777912
-0.005122622298777912
0.005203968604314102
-0.005203968604314102
0.005282180233752043
-0.005282180233752043
0.005357210075330632
-0.005357210075330632
0.0054290129338788184
-0.0054290129338788184
0.005497545558039663
-0.005497545558039663
0.0055627666663224384
-0.0055627666663224384
0.005624636971970882
-0.005624636971970882
0.005683119206626092
-0.005683119206626092
0.005738178142776773
-0.005738178142776773
0.005789780614978535
-0.005789780614978535
0.005837895539831689
-0.005837895539831689
0.005882493934704608
-0.005882493934704608
0.005923548935191896
-0.005923548935191896
0.005961035811296367
-0.005961035811296367
0.005994931982325604
-0.005994931982325604
0.006025217030493857
-0.006025217030493857
0.006051872713219872
-0.006051872713219872
0.006074882974117762
-0.006074882974117762
0.006094233952666554
-0.006094233952666554
0.006109913992560334
-0.006109913992560334
0.006121913648729622
-0.006121913648729622
0.0061302256930295665
-0.0061302256930295665
0.00613484511859616
-0.00613484511859616
0.006135769142860015
-0.006135769142860015
0.006132997209223279
-0.006132997209223279
0.00612653098739524
-0.00612653098739524
0.006116374372386213
-0.006116374372386213
0.00610253348216122
-0.00610253348216122
0.006085016653954944
-0.006085016653954944
0.006063834439249793
-0.006063834439249793
0.006038999597419881
-0.006038999597419881
0.006010527088045059
-0.006010527088045059
0.005978434061900628
-0.005978434061900628
0.005942739850625323
-0.005942739850625323
0.005903465955077346
-0.005903465955077346
0.005860636032382849
-0.005860636032382849
0.005814275881685926
-0.005814275881685926
0.005764413428607284
-0.005764413428607284
0.005711078708424633
-0.005711078708424633
0.0056543038479791585
-0.0056543038479791585
0.0055941230463235625
-0.0055941230463235625
0.0055305725541227035
-0.0055305725541227035
0.005463690651816677
-0.005463690651816677
0.005393517626562483
-0.005393517626562483
0.005320095747966769
-0.005320095747966769
0.0052434692426235885
-0.0052434692426235885
0.0051636842674746
-0.0051636842674746
0.005080788882005638
-0.005080788882005638
0.004994833019296763
-0.004994833019296763
0.004905868455946094
-0.004905868455946094
0.004813948780879762
-0.004813948780879762
0.004719129363073005
-0.004719129363073005
0.004621467318197625
-0.004621467318197625
0.0045210214742172905
-0.0045210214742172905
0.0044178523359529875
-0.0044178523359529875
0.004312022048635511
-0.004312022048635511
0.004203594360472962
-0.004203594360472962
0.004092634584250077
-0.004092634584250077
0.003979209557987362
-0.003979209557987362
0.0038633876046788584
-0.0038633876046788584
0.0037452384911387804
-0.0037452384911387804
0.003624833385974801
-0.003624833385974801
0.0035022448167206233
-0.0035022448167206233
0.0033775466261463105
-0.0033775466261463105
0.003250813927778873
-0.003250813927778873
0.003122123060657234
