%% ========================================================================
%% Programmatic octave notes on "Ripples in Mathematics" by A. Jensen
%% and A. la Cour-Harbo written with a deep gratitude to the authors for
%% this wonderful text. 
%% 
%% Reconstruction of graphs in ex 4.4, p.34, HWT, 5 scales, S6.
%%
%% Author: Vladimir Kulyukin
%% 
%% NB: I have tested this code in Octave 4.
%% =========================================================================
t = (1.0/1024)*[0:1023];

y_ex_4_4_1024_with_noise_hwt_s6_p34 = [
0.1878573174510975
0.1878573174510975
0.1878573174510975
0.1878573174510975
0.1878573174510975
0.1878573174510975
0.1878573174510975
0.1878573174510975
0.1878573174510975
0.1878573174510975
0.1878573174510975
0.1878573174510975
0.1878573174510975
0.1878573174510975
0.1878573174510975
0.1878573174510975
0.1878573174510975
0.1878573174510975
0.1878573174510975
0.1878573174510975
0.1878573174510975
0.1878573174510975
0.1878573174510975
0.1878573174510975
0.1878573174510975
0.1878573174510975
0.1878573174510975
0.1878573174510975
0.1878573174510975
0.1878573174510975
0.1878573174510975
0.1878573174510975
0.5469312359635952
0.5469312359635952
0.5469312359635952
0.5469312359635952
0.5469312359635952
0.5469312359635952
0.5469312359635952
0.5469312359635952
0.5469312359635952
0.5469312359635952
0.5469312359635952
0.5469312359635952
0.5469312359635952
0.5469312359635952
0.5469312359635952
0.5469312359635952
0.5469312359635952
0.5469312359635952
0.5469312359635952
0.5469312359635952
0.5469312359635952
0.5469312359635952
0.5469312359635952
0.5469312359635952
0.5469312359635952
0.5469312359635952
0.5469312359635952
0.5469312359635952
0.5469312359635952
0.5469312359635952
0.5469312359635952
0.5469312359635952
0.8227398317446355
0.8227398317446355
0.8227398317446355
0.8227398317446355
0.8227398317446355
0.8227398317446355
0.8227398317446355
0.8227398317446355
0.8227398317446355
0.8227398317446355
0.8227398317446355
0.8227398317446355
0.8227398317446355
0.8227398317446355
0.8227398317446355
0.8227398317446355
0.8227398317446355
0.8227398317446355
0.8227398317446355
0.8227398317446355
0.8227398317446355
0.8227398317446355
0.8227398317446355
0.8227398317446355
0.8227398317446355
0.8227398317446355
0.8227398317446355
0.8227398317446355
0.8227398317446355
0.8227398317446355
0.8227398317446355
0.8227398317446355
0.973293746297702
0.973293746297702
0.973293746297702
0.973293746297702
0.973293746297702
0.973293746297702
0.973293746297702
0.973293746297702
0.973293746297702
0.973293746297702
0.973293746297702
0.973293746297702
0.973293746297702
0.973293746297702
0.973293746297702
0.973293746297702
0.973293746297702
0.973293746297702
0.973293746297702
0.973293746297702
0.973293746297702
0.973293746297702
0.973293746297702
0.973293746297702
0.973293746297702
0.973293746297702
0.973293746297702
0.973293746297702
0.973293746297702
0.973293746297702
0.973293746297702
0.973293746297702
0.9756725109067245
0.9756725109067245
0.9756725109067245
0.9756725109067245
0.9756725109067245
0.9756725109067245
0.9756725109067245
0.9756725109067245
0.9756725109067245
0.9756725109067245
0.9756725109067245
0.9756725109067245
0.9756725109067245
0.9756725109067245
0.9756725109067245
0.9756725109067245
0.9756725109067245
0.9756725109067245
0.9756725109067245
0.9756725109067245
0.9756725109067245
0.9756725109067245
0.9756725109067245
0.9756725109067245
0.9756725109067245
0.9756725109067245
0.9756725109067245
0.9756725109067245
0.9756725109067245
0.9756725109067245
0.9756725109067245
0.9756725109067245
0.8295139802235338
0.8295139802235338
0.8295139802235338
0.8295139802235338
0.8295139802235338
0.8295139802235338
0.8295139802235338
0.8295139802235338
0.8295139802235338
0.8295139802235338
0.8295139802235338
0.8295139802235338
0.8295139802235338
0.8295139802235338
0.8295139802235338
0.8295139802235338
0.8295139802235338
0.8295139802235338
0.8295139802235338
0.8295139802235338
0.8295139802235338
0.8295139802235338
0.8295139802235338
0.8295139802235338
0.8295139802235338
0.8295139802235338
0.8295139802235338
0.8295139802235338
0.8295139802235338
0.8295139802235338
0.8295139802235338
0.8295139802235338
0.5570694656142657
0.5570694656142657
0.5570694656142657
0.5570694656142657
0.5570694656142657
0.5570694656142657
0.5570694656142657
0.5570694656142657
0.5570694656142657
0.5570694656142657
0.5570694656142657
0.5570694656142657
0.5570694656142657
0.5570694656142657
0.5570694656142657
0.5570694656142657
0.5570694656142657
0.5570694656142657
0.5570694656142657
0.5570694656142657
0.5570694656142657
0.5570694656142657
0.5570694656142657
0.5570694656142657
0.5570694656142657
0.5570694656142657
0.5570694656142657
0.5570694656142657
0.5570694656142657
0.5570694656142657
0.5570694656142657
0.5570694656142657
0.19981617471250665
0.19981617471250665
0.19981617471250665
0.19981617471250665
0.19981617471250665
0.19981617471250665
0.19981617471250665
0.19981617471250665
0.19981617471250665
0.19981617471250665
0.19981617471250665
0.19981617471250665
0.19981617471250665
0.19981617471250665
0.19981617471250665
0.19981617471250665
0.19981617471250665
0.19981617471250665
0.19981617471250665
0.19981617471250665
0.19981617471250665
0.19981617471250665
0.19981617471250665
0.19981617471250665
0.19981617471250665
0.19981617471250665
0.19981617471250665
0.19981617471250665
0.19981617471250665
0.19981617471250665
0.19981617471250665
0.19981617471250665
0.8121426825489025
0.8121426825489025
0.8121426825489025
0.8121426825489025
0.8121426825489025
0.8121426825489025
0.8121426825489025
0.8121426825489025
0.8121426825489025
0.8121426825489025
0.8121426825489025
0.8121426825489025
0.8121426825489025
0.8121426825489025
0.8121426825489025
0.8121426825489025
0.8121426825489025
0.8121426825489025
0.8121426825489025
0.8121426825489025
0.8121426825489025
0.8121426825489025
0.8121426825489025
0.8121426825489025
0.8121426825489025
0.8121426825489025
0.8121426825489025
0.8121426825489025
0.8121426825489025
0.8121426825489025
0.8121426825489025
0.8121426825489025
0.4530687640364049
0.4530687640364049
0.4530687640364049
0.4530687640364049
0.4530687640364049
0.4530687640364049
0.4530687640364049
0.4530687640364049
0.4530687640364049
0.4530687640364049
0.4530687640364049
0.4530687640364049
0.4530687640364049
0.4530687640364049
0.4530687640364049
0.4530687640364049
0.4530687640364049
0.4530687640364049
0.4530687640364049
0.4530687640364049
0.4530687640364049
0.4530687640364049
0.4530687640364049
0.4530687640364049
0.4530687640364049
0.4530687640364049
0.4530687640364049
0.4530687640364049
0.4530687640364049
0.4530687640364049
0.4530687640364049
0.4530687640364049
0.1772601682553644
0.1772601682553644
0.1772601682553644
0.1772601682553644
0.1772601682553644
0.1772601682553644
0.1772601682553644
0.1772601682553644
0.1772601682553644
0.1772601682553644
0.1772601682553644
0.1772601682553644
0.1772601682553644
0.1772601682553644
0.1772601682553644
0.1772601682553644
0.1772601682553644
0.1772601682553644
0.1772601682553644
0.1772601682553644
0.1772601682553644
0.1772601682553644
0.1772601682553644
0.1772601682553644
0.1772601682553644
0.1772601682553644
0.1772601682553644
0.1772601682553644
0.1772601682553644
0.1772601682553644
0.1772601682553644
0.1772601682553644
0.02670625370229772
0.02670625370229772
0.02670625370229772
0.02670625370229772
0.02670625370229772
0.02670625370229772
0.02670625370229772
0.02670625370229772
0.02670625370229772
0.02670625370229772
0.02670625370229772
0.02670625370229772
0.02670625370229772
0.02670625370229772
0.02670625370229772
0.02670625370229772
0.02670625370229772
0.02670625370229772
0.02670625370229772
0.02670625370229772
0.02670625370229772
0.02670625370229772
0.02670625370229772
0.02670625370229772
0.02670625370229772
0.02670625370229772
0.02670625370229772
0.02670625370229772
0.02670625370229772
0.02670625370229772
0.02670625370229772
0.02670625370229772
0.024327489093275357
0.024327489093275357
0.024327489093275357
0.024327489093275357
0.024327489093275357
0.024327489093275357
