%% ========================================================================
%% Programmatic octave notes on "Ripples in Mathematics" by A. Jensen
%% and A. la Cour-Harbo written with a deep gratitude to the authors for
%% this wonderful text. 
%% 
%% Reconstruction of graphs in ex 4.4, p.34, CDF44, 4 scales, D5.
%%
%% Author: Vladimir Kulyukin
%% 
%% NB: I have tested this code in Octave 4.
%% =========================================================================
t = (1.0/512)*[0:511];

%%y_ex_4_3_chirp_512_p33 = arrayfun(@(x) sin(x*x), t);

y_ex_4_4_512_with_noise_cdf44_d5_p34 = [
-0.2137157797359902
-0.12428460966579749
-0.09245534447994257
-0.04519169539783499
-0.055529951200065215
-0.050433823106042774
-0.029903311115767692
-0.013508429826165427
-0.011995855506647527
-0.00649557905298345
0.0029923995348267968
0.011411876556136711
0.023819055711592804
0.035157733300548555
0.04542790932300399
0.05598438947731456
0.03246119035608522
0.018069613775048454
0.01280965973420429
0.005102894808129679
0.006527752422247663
0.005505799151135203
0.002037034994792302
-7.761081608214222E-4
-0.001333666499186856
-0.0024956069677938703
-0.004261929566642465
-0.005866308461773026
-0.00807506948714517
-0.010121886808799278
-0.012006760426735355
-0.01393502672930198
-0.0042887459981505545
0.0022561442025600736
0.005699643872829902
0.009974158631144873
0.011147282859019048
0.013151422174938364
0.015986576578902824
0.018599061161127504
0.006451866260160818
-0.001740484442742533
-0.005977990947582546
-0.01127519476148454
-0.012617554377323195
-0.015019611302223831
-0.018481365536186452
-0.021659174731964475
-0.007469685546466542
0.0020662500630581563
0.006948632096609617
0.013077930052778066
0.014553674432973283
0.017276334735785485
0.021245910961214688
0.024881377072149147
0.00919761823495721
-0.001309569878989062
-0.006640187269689667
-0.013357862605246539
-0.014898967217557745
-0.01782712977472522
-0.02214235027674896
-0.026085909722593288
-0.009513433183201183
0.0015617880820589683
0.0071397540731871646
0.014190705175606746
0.015744401003894373
0.018771081943473385
0.023270747994343786
0.027375728874180588
0.010543116210098114
-6.792851724401012E-4
-0.00629147527343406
-0.013406916956685774
-0.014912147358393232
-0.017920629342358444
-0.022432362908581416
-0.026541301427317608
-0.010108846857279846
8.195580232106927E-4
0.006243913214154004
0.013143074074512264
0.014538185245323297
0.017408102085549278
0.02175282459519021
0.025702374116718562
0.010283520315838195
5.441454387751683E-5
-0.0049849431991634725
-0.0114148897354745
-0.01265508824286584
-0.015285875543527219
-0.019307251637458642
-0.02295602058722958
-0.006247135145611932
0.005006933242041247
0.010806184575729955
0.018067049733887956
0.01987309783808149
0.02314075976674431
0.027870035519876435
0.03220767302909583
0.02091284664833977
0.01380672634261131
0.010889312111910472
0.006849537471074644
0.006998468905266436
0.0060250399293232376
0.003929250543245051
0.0021341967226791974
-0.02748499929968259
-0.04964873888898443
-0.06435702204522634
-0.08106298873191206
-0.09031349898553788
-0.10156169276960747
-0.11480757008412093
-0.12751816970991894
-0.09102447705322
-0.06771503477776102
-0.05758984288354204
-0.04393194174686007
-0.04345829099141813
-0.0394519309935132
-0.03191286175314528
-0.02532037910138929
0.0648855736267092
0.13268736457148786
0.17808499373294673
0.22948579995134233
0.25848244438641815
0.29348226587843074
0.3344852644273801
0.37387971653190216
0.17666948917762437
0.04285729460975658
-0.02755686717170108
-0.11495848063999917
-0.13896206132188718
-0.1799530936906156
-0.23793157774618445
-0.29135828784080164
-0.16142899987557077
-0.08062980351787868
-0.04896069876772538
-0.0041272256472649795
-0.0084238441343434
4.43905748885282E-4
0.022476024002421074
0.04098076038226726
0.01723144287751903
0.0048040649880890084
0.00369862671397721
-4.405161368130426E-4
0.006742280627714923
0.010891372815564434
0.012006760426735496
0.013935026729302148
0.004288745998150609
-0.0022561442025600936
-0.005699643872829962
-0.00997415863114498
-0.011147282859019168
-0.013151422174938504
-0.015986576578902997
-0.018599061161127705
-0.006451866260160908
0.0017404844427425152
0.005977990947582563
0.011275194761484602
0.012617554377323266
0.015019611302223923
0.01848136553618657
0.02165917473196462
0.007469685546466623
-0.0020662500630581147
-0.006948632096609592
-0.013077930052778065
-0.014553674432973278
-0.017276334735785485
-0.021245910961214694
-0.024881377072149168
-0.009197618234957204
0.0013095698789890838
0.006640187269689693
0.013357862605246573
0.014898967217557782
0.017827129774725257
0.022142350276749004
0.026085909722593337
0.00951343318320118
-0.0015617880820590103
-0.007139754073187229
-0.014190705175606836
-0.015744401003894477
-0.018771081943473503
-0.023270747994343925
-0.027375728874180747
-0.010543116210098185
6.792851724400908E-4
0.006291475273434079
0.013406916956685833
0.014912147358393298
0.017920629342358527
0.022432362908581523
0.02654130142731774
0.010108846857279911
-8.195580232106697E-4
-0.006243913214153999
-0.013143074074512285
-0.014538185245323321
-0.01740810208554931
-0.021752824595190255
-0.025702374116718617
-0.010283520315838218
-5.44145438775151E-5
0.004984943199163484
0.011414889735474526
0.012655088242865868
0.01528587554352725
0.01930725163745868
0.02295602058722963
0.009165280234262786
4.7442315359583036E-5
-0.004397493169479975
-0.010094529087836313
-0.01111866257212901
-0.013394896489938486
-0.016923230841264743
-0.020116065892587513
-0.00845835167383561
-7.798301391588112E-4
0.002919498711442878
0.007685049028270323
0.00847140666102266
0.010323985760000749
0.013242786325204597
0.015875893709580525
0.006826382779051299
9.072199914819507E-4
-0.001881594653127518
-0.00550918355467135
-0.006006424313255303
-0.0073424393287736195
-0.0095172286012263
-0.011467268988901403
-0.005345475664640394
-0.001386523664930975
4.0958701022684985E-4
0.002785229271654934
0.002998030208531425
0.0037903627316781745
0.005162226841095183
0.0063788059299827475
0.003448230427043266
0.0016288816478708622
9.207595924655392E-4
-8.511476618105557E-5
2.023759893942955E-5
-1.721623391813566E-4
-6.62314580543414E-4
-0.0010726843327074657
-0.001418799442361321
-0.0017821315315857337
-0.002162680600380704
-0.00253861639340364
-0.002931769165997135
-0.003320308662818595
-0.0037042348838680203
-0.004089397228435024
-4.5488374919540526E-4
0.0021025608392203216
0.0035829365368121556
0.005351911973892936
0.006043818520149826
0.007024324805895661
0.008293430831130443
0.00948520678923333
0.0027238761335681514
-0.0019064260276192534
-0.004405699694328885
-0.007475980725181547
-0.008415233261556436
-0.009925493162074353
-0.012006760426735303
-0.013935026729301902
-0.004288745998150423
0.002256144202560252
0.0056996438728301214
0.009974158631145135
0.011147282859019343
0.013151422174938693
0.01598657657890319
0.01859906116112791
0.006451866260160995
-0.0017404844427425128
-0.00597799094758261
-0.011275194761484707
-0.0126175543773234
-0.015019611302224088
-0.018481365536186782
-0.02165917473196487
-0.007469685546466711
0.0020662500630581355
0.006948632096609665
0.013077930052778205
0.014553674432973432
0.01727633473578567
0.02124591096121492
0.024881377072149432
0.00919761823495736
-0.0013095698789889962
-0.006640187269689636
-0.013357862605246556
-0.014898967217557763
-0.017827129774725246
-0.022142350276749018
-0.026085909722593364
-0.009513433183201286
0.0015617880820588395
0.007139754073187012
0.014190705175606569
0.015744401003894175
0.018771081943473163
0.02327074799434354
0.027375728874180317
0.010543116210097979
-6.792851724401455E-4
-0.006291475273434054
-0.01340691695668571
-0.014912147358393149
-0.01792062934235833
-0.02243236290858126
-0.026541301427317414
-0.010108846857279707
8.195580232108041E-4
0.0062439132141541105
0.01314307407451236
0.014538185245323406
0.017408102085549392
0.02175282459519033
0.025702374116718687
0.010283520315838292
5.441454387759663E-5
-0.004984943199163402
