%% ========================================================================
%% Programmatic octave notes on "Ripples in Mathematics" by A. Jensen
%% and A. la Cour-Harbo written with a deep gratitude to the authors for
%% this wonderful text. 
%% 
%% Reconstruction of graphs in ex 4.4, p.34, CDF44, 3 scales, S6.
%%
%% Author: Vladimir Kulyukin
%% 
%% NB: I have tested this code in Octave 4.
%% =========================================================================
t = (1.0/512)*[0:511];

%%y_ex_4_3_chirp_512_p33 = arrayfun(@(x) sin(x*x), t);

y_ex_4_4_512_with_noise_cdf44_s6_p34 = [
-0.06522438950103666
0.01513460379782931
0.05144105037445792
0.09955134126984432
0.10360908544299337
0.11947067393490018
0.14713610674556482
0.17163870900343559
0.1948083624533225
0.21833517845986067
0.2422191570230502
0.26600743416761824
0.2901528738688378
0.3142026121514358
0.33815664901541254
0.3621363289972233
0.3824340561643048
0.4037183596146625
0.42598923934829636
0.4479957667635546
0.47098887046208937
0.4937176218422483
0.5161820209040319
0.5387172529560412
0.5553630235683829
0.5735868706173375
0.5933887941029056
0.6127678732816884
0.6337250288970847
0.6542593402056958
0.6743708072075216
0.6945955749998746
0.7069497014278996
0.7214127598534111
0.7379847502764095
0.753991654073789
0.7721074898686554
0.7896582390379028
0.8066439015815317
0.8237809786301484
0.8313686987235018
0.8415151613012544
0.8542203663634065
0.8662399584432244
0.8808182930074422
0.8947110145893256
0.9079181231888749
0.9213089412333607
0.9238386631640979
0.9292786070274308
0.9376287728233592
0.9451991470026531
0.9556797431145434
0.9653805476097987
0.9743015604884202
0.9834315179009827
0.980806025873989
0.9813303970309891
0.9850046313719834
0.9878348624165575
0.9938149566451266
0.9989510475772755
1.0032431352130047
1.0077613728504184
1.0000815630518987
0.9956702102130734
0.9945273143339435
0.9925086380519671
0.9937584187296862
0.9941324190045588
0.9936306388765852
0.9933635234003012
0.9809245266139257
0.9717469755949564
0.9658308703433938
0.9590408633322964
0.9555123020886058
0.9511098390853807
0.9458334743226211
0.9407912708305928
0.9240711107269919
0.9104800496667075
0.9000180876497397
0.8887176860710782
0.8805463835357332
0.8715366414386946
0.8616884597799621
0.8520649373246879
0.8317061602798691
0.8142238860328612
0.7996181145836644
0.784241586532768
0.771741561279683
0.7584707794248984
0.7444292409684146
0.7305942261209168
0.7073792085193792
0.6866775550807881
0.6684892658051438
0.6496275226317525
0.6332791436213081
0.6162573107131167
0.5985620239071785
0.581047188529281
0.5558680704783197
0.5327425907801696
0.5116707494348309
0.4900486373513106
0.47048016362060197
0.45036141915171174
0.42969240394464014
0.40917083333748266
0.37957726547318404
0.3524145319476737
0.32768263276095166
0.3022993934762175
0.27934698853027173
0.25574324348631366
0.23148815834434353
0.20740759925563368
0.22750671035514947
0.23576791450585682
0.2321912117077558
0.23178646651666274
0.21954381437676135
0.21047311984386788
0.20457438291798247
0.19782572251287342
0.4236811251239583
0.587210456893656
0.6884137178219667
0.8063171990996318
0.8618946095359101
0.9341722403215427
1.02315009145653
1.1076531320354857
0.9156295840975748
0.7977011122384916
0.7538677164582361
0.690180604879536
0.7005885693796642
0.6911428180813476
0.6618433509845865
0.6378636710027754
0.6175659438356943
0.5962816403853367
0.5740107606517028
0.5520042332364443
0.5290111295379099
0.5062823781577507
0.48381797909596724
0.46128274704395766
0.4446369764316165
0.4264131293826618
0.40661120589709376
0.38723212671831087
0.36627497110291474
0.3457406597943036
0.3256291927924776
0.3054044250001244
0.29305029857209974
0.2785872401465881
0.26201524972358986
0.2460083459262103
0.22789251013134393
0.21034176096209625
0.19335609841846738
0.17621902136985026
0.1686313012764972
0.15848483869874455
0.14577963363659246
0.13376004155677437
0.11918170699255681
0.10528898541067326
0.09208187681112379
0.07869105876663758
0.07616133683590118
0.07072139297256871
0.06237122717664019
0.05480085299734609
0.044320256885455975
0.0346194523902003
0.025698439511579074
0.016568482099016086
0.019193974126010246
0.01866960296901017
0.014995368628015867
0.012165137583441338
0.006185043354872583
0.0010489524227236058
-0.003243135213005593
-0.0077613728504196755
-8.156305189945326E-5
0.004329789786925646
0.00547268566605562
0.007491361948031784
0.006241581270312827
0.005867580995440059
0.006369361123413483
0.006636476599697265
0.019075473386073346
0.028253024405042713
0.03416912965660538
0.04095913666770257
0.044487697911393065
0.04889016091461807
0.054166525677377626
0.05920872916940574
0.07592888927300707
0.08951995033329166
0.09998191235025952
0.11128231392892107
0.11945361646426594
0.1284633585613045
0.13831154022003678
0.1479350626753109
0.1682938397201299
0.18577611396713783
0.20038188541633473
0.2157584134672309
0.22825843872031615
0.24152922057510062
0.2555707590315845
0.26940577387908193
0.29262079148061987
0.31332244491921085
0.3315107341948551
0.35037247736824617
0.3667208563786907
0.38374268928688193
0.4014379760928201
0.41895281147071733
0.444131929521679
0.4672574092198291
0.4883292505651679
0.509951362648688
0.5295198363793967
0.5496385808482867
0.5703075960553582
0.5908291666625154
0.6170047657768146
0.6416653725186425
0.6648109868879992
0.6883625422400987
0.7103991052197274
0.7328416091820986
0.7556900541272132
0.7784297275138268
0.8045958940969458
0.8298439345951902
0.8541738490085604
0.8787497745649224
0.9024075740364108
0.9263113846508906
0.9504612064083627
0.9745451096787406
0.9996962926230459
1.024561498840624
1.0491407283314753
1.0737965850553068
1.0981664650524119
1.1226129722824973
1.1471361067455632
1.171638709003434
1.1948083624533212
1.2183351784598595
1.2422191570230487
1.2660074341676166
1.2901528738688364
1.3142026121514343
1.3381566490154109
1.3621363289972215
1.3824340561643036
1.4037183596146612
1.4259892393482954
1.4479957667635535
1.4709888704620884
1.4937176218422472
1.5161820209040309
1.53871725295604
1.555363023568382
1.5735868706173366
1.5933887941029048
1.6127678732816872
1.633725028897084
1.6542593402056949
1.674370807207521
1.6945955749998733
1.706949701427899
1.7214127598534106
1.737984750276409
1.7539916540737883
1.772107489868655
1.7896582390379026
1.8066439015815312
1.823780978630148
1.8313686987235012
1.8415151613012537
1.8542203663634056
1.866239958443223
1.880818293007441
1.8947110145893244
1.9079181231888738
1.9213089412333593
1.9238386631640965
1.929278607027429
1.937628772823358
1.945199147002652
1.9556797431145425
1.9653805476097979
1.9743015604884193
1.9834315179009816
1.9808060258739881
1.981330397030988
1.9850046313719822
1.987834862416556
1.9938149566451253
1.9989510475772743
2.0032431352130033
2.007761372850417
2.0000815630518973
1.995670210213072
1.9945273143339421
1.9925086380519657
1.9937584187296853
1.9941324190045573
1.993630638876584
1.9933635234002998
1.9809245266139244
1.971746975594955
1.9658308703433929
1.959040863332295
1.9555123020886052
1.9511098390853796
1.9458334743226202
1.9407912708305919
1.9240711107269912
1.910480049666707
1.900018087649739
1.888717686071077
1.8805463835357326
1.871536641438694
1.8616884597799614
1.8520649373246867
1.8317061602798685
1.8142238860328608
1.7996181145836636
1.7842415865327672
1.7717415612796823
1.7584707794248973
1.7444292409684137
1.730594226120916
1.7073792085193786
1.686677555080787
1.668489265805143
1.6496275226317514
1.6332791436213072
1.6162573107131157
1.5985620239071776
1.58104718852928
1.555868070478319
1.532742590780169
1.5116707494348307
1.4900486373513104
1.470480163620602
1.4503614191517116
1.4296924039446401
1.4091708333374826
1.3864132029731837
1.3642547230150384
1.342695393463047
1.320975522043582
1.2998548010302708
1.2785735381494858
1.257131733401227
1.235732945716709
1.1633015014509562
1.10454421630376
1.0594610902751205
1.010713984353489
0.9756410375504145
0.9369041108543479
0.8945032042652895
0.8530840581296417
0.5769262896299474
0.36366654542509347
