%% ========================================================================
%% Programmatic octave notes on "Ripples in Mathematics" by A. Jensen
%% and A. la Cour-Harbo written with a deep gratitude to the authors for
%% this wonderful text. 
%% 
%% Reconstruction of graphs in ex 4.4, p.34, HWT, 5 scales, D9.
%%
%% Author: Vladimir Kulyukin
%% 
%% NB: I have tested this code in Octave 4.
%% =========================================================================
t = (1.0/1024)*[0:1023];

%%y_ex_4_3_chirp_512_p33 = arrayfun(@(x) sin(x*x), t);

y_ex_4_4_1024_with_noise_hwt_d9_p34 = [
-0.012269228294637799
-0.012269228294637799
0.012269228294637799
0.012269228294637799
-0.012243366328620185
-0.012243366328620185
0.012243366328620185
0.012243366328620185
-0.012188009020724663
-0.012188009020724663
0.012188009020724663
0.012188009020724663
-0.012103289731554752
-0.012103289731554752
0.012103289731554752
0.012103289731554752
-0.011989412557298516
-0.011989412557298516
0.011989412557298516
0.011989412557298516
-0.011846651838043249
-0.011846651838043249
0.011846651838043249
0.011846651838043249
-0.01167535149686599
-0.01167535149686599
0.01167535149686599
0.01167535149686599
-0.011475924211292753
-0.011475924211292753
0.011475924211292753
0.011475924211292753
-0.01124885041912232
-0.01124885041912232
0.01124885041912232
0.01124885041912232
-0.01099467716100919
-0.01099467716100919
0.01099467716100919
0.01099467716100919
-0.010714016762595297
-0.010714016762595297
0.010714016762595297
0.010714016762595297
-0.010407545359363272
-0.010407545359363272
0.010407545359363272
0.010407545359363272
-0.0100760012677672
-0.0100760012677672
0.0100760012677672
0.0100760012677672
-0.00972018320656351
-0.00972018320656351
0.00972018320656351
0.00972018320656351
-0.00934094837262796
-0.00934094837262796
0.00934094837262796
0.00934094837262796
-0.00893921037589205
-0.00893921037589205
0.00893921037589205
0.00893921037589205
-0.008515937038378458
-0.008515937038378458
0.008515937038378458
0.008515937038378458
-0.008072148062631212
-0.008072148062631212
0.008072148062631212
0.008072148062631212
-0.007608912575164602
-0.007608912575164602
0.007608912575164602
0.007608912575164602
-0.007127346550842308
-0.007127346550842308
0.007127346550842308
0.007127346550842308
-0.006628610124397237
-0.006628610124397237
0.006628610124397237
0.006628610124397237
-0.006113904795564826
-0.006113904795564826
0.006113904795564826
0.006113904795564826
-0.005584470534564983
-0.005584470534564983
0.005584470534564983
0.005584470534564983
-0.005041582794905651
-0.005041582794905651
0.005041582794905651
0.005041582794905651
-0.004486549440702919
-0.004486549440702919
0.004486549440702919
0.004486549440702919
-0.003920707595922075
-0.003920707595922075
0.003920707595922075
0.003920707595922075
-0.0033454204231292924
-0.0033454204231292924
0.0033454204231292924
0.0033454204231292924
-0.0027620738395130067
-0.0027620738395130067
0.0027620738395130067
0.0027620738395130067
-0.0021720731780881966
-0.0021720731780881966
0.0021720731780881966
0.0021720731780881966
-0.0015768398021262654
-0.0015768398021262654
0.0015768398021262654
0.0015768398021262654
-9.778076809661492E-4
-9.778076809661492E-4
9.778076809661492E-4
9.778076809661492E-4
-3.7641993545669395E-4
-3.7641993545669395E-4
3.7641993545669395E-4
3.7641993545669395E-4
2.2587463864773323E-4
2.2587463864773323E-4
-2.2587463864773323E-4
-2.2587463864773323E-4
8.276250609633705E-4
8.276250609633705E-4
-8.276250609633705E-4
-8.276250609633705E-4
0.0014273816620156668
0.0014273816620156668
-0.0014273816620156668
-0.0014273816620156668
0.002023699575620509
0.002023699575620509
-0.002023699575620509
-0.002023699575620509
0.0026151422196922206
0.0026151422196922206
-0.0026151422196922206
-0.0026151422196922206
0.0032002847570975677
0.0032002847570975677
-0.0032002847570975677
-0.0032002847570975677
0.0037777175282112043
0.0037777175282112043
-0.0037777175282112043
-0.0037777175282112043
0.004346049446910338
0.004346049446910338
-0.004346049446910338
-0.004346049446910338
0.00490391135182278
0.00490391135182278
-0.00490391135182278
-0.00490391135182278
0.005449959304757004
0.005449959304757004
-0.005449959304757004
-0.005449959304757004
0.005982877828365947
0.005982877828365947
-0.005982877828365947
-0.005982877828365947
0.006501383075247996
0.006501383075247996
-0.006501383075247996
-0.006501383075247996
0.007004225920848027
0.007004225920848027
-0.007004225920848027
-0.007004225920848027
0.007490194972706897
0.007490194972706897
-0.007490194972706897
-0.007490194972706897
0.007958119488813017
0.007958119488813017
-0.007958119488813017
-0.007958119488813017
0.008406872198021538
0.008406872198021538
-0.008406872198021538
-0.008406872198021538
0.008835372015750086
0.008835372015750086
-0.008835372015750086
-0.008835372015750086
0.00924258664840559
0.00924258664840559
-0.00924258664840559
-0.00924258664840559
0.009627535080269851
0.009627535080269851
-0.009627535080269851
-0.009627535080269851
0.009989289936853317
0.009989289936853317
-0.009989289936853317
-0.009989289936853317
0.010326979719020656
0.010326979719020656
-0.010326979719020656
-0.010326979719020656
0.010639790902508104
0.010639790902508104
-0.010639790902508104
-0.010639790902508104
0.01092696989777592
0.01092696989777592
-0.01092696989777592
-0.01092696989777592
0.011187824865470293
0.011187824865470293
-0.011187824865470293
-0.011187824865470293
0.011421727383126107
0.011421727383126107
-0.011421727383126107
-0.011421727383126107
0.011628113959091047
0.011628113959091047
-0.011628113959091047
-0.011628113959091047
0.0118064873900256
0.0118064873900256
-0.0118064873900256
-0.0118064873900256
0.01195641795871161
0.01195641795871161
-0.01195641795871161
-0.01195641795871161
0.012077544469276722
0.012077544469276722
-0.012077544469276722
-0.012077544469276722
0.012169575117347117
0.012169575117347117
-0.012169575117347117
-0.012169575117347117
0.01223228819303119
0.01223228819303119
-0.01223228819303119
-0.01223228819303119
0.012265532615036117
0.012265532615036117
-0.012265532615036117
-0.012265532615036117
0.012269228294637656
0.012269228294637656
-0.012269228294637656
-0.012269228294637656
0.012243366328620322
0.012243366328620322
-0.012243366328620322
-0.012243366328620322
0.012188009020724564
0.012188009020724564
-0.012188009020724564
-0.012188009020724564
0.012103289731554704
0.012103289731554704
-0.012103289731554704
-0.012103289731554704
0.011989412557298497
0.011989412557298497
-0.011989412557298497
-0.011989412557298497
0.011846651838043268
0.011846651838043268
-0.011846651838043268
-0.011846651838043268
0.011675351496866089
0.011675351496866089
-0.011675351496866089
-0.011675351496866089
0.011475924211292734
0.011475924211292734
-0.011475924211292734
-0.011475924211292734
0.01124885041912228
0.01124885041912228
-0.01124885041912228
-0.01124885041912228
0.010994677161009386
0.010994677161009386
-0.010994677161009386
-0.010994677161009386
0.010714016762595258
0.010714016762595258
-0.010714016762595258
-0.010714016762595258
0.010407545359363194
0.010407545359363194
-0.010407545359363194
-0.010407545359363194
0.01007600126776728
0.01007600126776728
-0.01007600126776728
-0.01007600126776728
0.009720183206563588
0.009720183206563588
-0.009720183206563588
-0.009720183206563588
0.009340948372627939
0.009340948372627939
-0.009340948372627939
-0.009340948372627939
0.008939210375892029
0.008939210375892029
-0.008939210375892029
-0.008939210375892029
0.00851593703837838
0.00851593703837838
-0.00851593703837838
-0.00851593703837838
0.00807214806263133
0.00807214806263133
-0.00807214806263133
-0.00807214806263133
0.007608912575164583
0.007608912575164583
-0.007608912575164583
-0.007608912575164583
0.007127346550842288
0.007127346550842288
-0.007127346550842288
-0.007127346550842288
0.006628610124397218
0.006628610124397218
-0.006628610124397218
-0.006628610124397218
0.006113904795564895
0.006113904795564895
-0.006113904795564895
-0.006113904795564895
0.005584470534565012
0.005584470534565012
