%% ========================================================================
%% Programmatic octave notes on "Ripples in Mathematics" by A. Jensen
%% and A. la Cour-Harbo written with a deep gratitude to the authors for
%% this wonderful text. 
%% 
%% Reconstruction of graphs in ex 4.4, p.34, HWT, 4 scales, S5.
%%
%% Author: Vladimir Kulyukin
%% 
%% NB: I have tested this code in Octave 4.
%% =========================================================================
t = (1.0/512)*[0:511];

%%y_ex_4_3_chirp_512_p33 = arrayfun(@(x) sin(x*x), t);

y_ex_4_4_512_with_noise_hwt_s5_p34 = [
0.18187059077038495
0.18187059077038495
0.18187059077038495
0.18187059077038495
0.18187059077038495
0.18187059077038495
0.18187059077038495
0.18187059077038495
0.18187059077038495
0.18187059077038495
0.18187059077038495
0.18187059077038495
0.18187059077038495
0.18187059077038495
0.18187059077038495
0.18187059077038495
0.5418413380501926
0.5418413380501926
0.5418413380501926
0.5418413380501926
0.5418413380501926
0.5418413380501926
0.5418413380501926
0.5418413380501926
0.5418413380501926
0.5418413380501926
0.5418413380501926
0.5418413380501926
0.5418413380501926
0.5418413380501926
0.5418413380501926
0.5418413380501926
0.8193216534158192
0.8193216534158192
0.8193216534158192
0.8193216534158192
0.8193216534158192
0.8193216534158192
0.8193216534158192
0.8193216534158192
0.8193216534158192
0.8193216534158192
0.8193216534158192
0.8193216534158192
0.8193216534158192
0.8193216534158192
0.8193216534158192
0.8193216534158192
0.9720676742181706
0.9720676742181706
0.9720676742181706
0.9720676742181706
0.9720676742181706
0.9720676742181706
0.9720676742181706
0.9720676742181706
0.9720676742181706
0.9720676742181706
0.9720676742181706
0.9720676742181706
0.9720676742181706
0.9720676742181706
0.9720676742181706
0.9720676742181706
0.9768252034362152
0.9768252034362152
0.9768252034362152
0.9768252034362152
0.9768252034362152
0.9768252034362152
0.9768252034362152
0.9768252034362152
0.9768252034362152
0.9768252034362152
0.9768252034362152
0.9768252034362152
0.9768252034362152
0.9768252034362152
0.9768252034362152
0.9768252034362152
0.8328699503736156
0.8328699503736156
0.8328699503736156
0.8328699503736156
0.8328699503736156
0.8328699503736156
0.8328699503736156
0.8328699503736156
0.8328699503736156
0.8328699503736156
0.8328699503736156
0.8328699503736156
0.8328699503736156
0.8328699503736156
0.8328699503736156
0.8328699503736156
0.5621177973515338
0.5621177973515338
0.5621177973515338
0.5621177973515338
0.5621177973515338
0.5621177973515338
0.5621177973515338
0.5621177973515338
0.5621177973515338
0.5621177973515338
0.5621177973515338
0.5621177973515338
0.5621177973515338
0.5621177973515338
0.5621177973515338
0.5621177973515338
0.2057883052932032
0.2057883052932032
0.2057883052932032
0.2057883052932032
0.2057883052932032
0.2057883052932032
0.2057883052932032
0.2057883052932032
0.2057883052932032
0.2057883052932032
0.2057883052932032
0.2057883052932032
0.2057883052932032
0.2057883052932032
0.2057883052932032
0.2057883052932032
0.8181294092296152
0.8181294092296152
0.8181294092296152
0.8181294092296152
0.8181294092296152
0.8181294092296152
0.8181294092296152
0.8181294092296152
0.8181294092296152
0.8181294092296152
0.8181294092296152
0.8181294092296152
0.8181294092296152
0.8181294092296152
0.8181294092296152
0.8181294092296152
0.4581586619498073
0.4581586619498073
0.4581586619498073
0.4581586619498073
0.4581586619498073
0.4581586619498073
0.4581586619498073
0.4581586619498073
0.4581586619498073
0.4581586619498073
0.4581586619498073
0.4581586619498073
0.4581586619498073
0.4581586619498073
0.4581586619498073
0.4581586619498073
0.18067834658418072
0.18067834658418072
0.18067834658418072
0.18067834658418072
0.18067834658418072
0.18067834658418072
0.18067834658418072
0.18067834658418072
0.18067834658418072
0.18067834658418072
0.18067834658418072
0.18067834658418072
0.18067834658418072
0.18067834658418072
0.18067834658418072
0.18067834658418072
0.027932325781829356
0.027932325781829356
0.027932325781829356
0.027932325781829356
0.027932325781829356
0.027932325781829356
0.027932325781829356
0.027932325781829356
0.027932325781829356
0.027932325781829356
0.027932325781829356
0.027932325781829356
0.027932325781829356
0.027932325781829356
0.027932325781829356
0.027932325781829356
0.023174796563784707
0.023174796563784707
0.023174796563784707
0.023174796563784707
0.023174796563784707
0.023174796563784707
0.023174796563784707
0.023174796563784707
0.023174796563784707
0.023174796563784707
0.023174796563784707
0.023174796563784707
0.023174796563784707
0.023174796563784707
0.023174796563784707
0.023174796563784707
0.16713004962638436
0.16713004962638436
0.16713004962638436
0.16713004962638436
0.16713004962638436
0.16713004962638436
0.16713004962638436
0.16713004962638436
0.16713004962638436
0.16713004962638436
0.16713004962638436
0.16713004962638436
0.16713004962638436
0.16713004962638436
0.16713004962638436
0.16713004962638436
0.43788220264846595
0.43788220264846595
0.43788220264846595
0.43788220264846595
0.43788220264846595
0.43788220264846595
0.43788220264846595
0.43788220264846595
0.43788220264846595
0.43788220264846595
0.43788220264846595
0.43788220264846595
0.43788220264846595
0.43788220264846595
0.43788220264846595
0.43788220264846595
0.7942116947067966
0.7942116947067966
0.7942116947067966
0.7942116947067966
0.7942116947067966
0.7942116947067966
0.7942116947067966
0.7942116947067966
0.7942116947067966
0.7942116947067966
0.7942116947067966
0.7942116947067966
0.7942116947067966
0.7942116947067966
0.7942116947067966
0.7942116947067966
1.1818705907703844
1.1818705907703844
1.1818705907703844
1.1818705907703844
1.1818705907703844
1.1818705907703844
1.1818705907703844
1.1818705907703844
1.1818705907703844
1.1818705907703844
1.1818705907703844
1.1818705907703844
1.1818705907703844
1.1818705907703844
1.1818705907703844
1.1818705907703844
1.5418413380501927
1.5418413380501927
1.5418413380501927
1.5418413380501927
1.5418413380501927
1.5418413380501927
1.5418413380501927
1.5418413380501927
1.5418413380501927
1.5418413380501927
1.5418413380501927
1.5418413380501927
1.5418413380501927
1.5418413380501927
1.5418413380501927
1.5418413380501927
1.8193216534158192
1.8193216534158192
1.8193216534158192
1.8193216534158192
1.8193216534158192
1.8193216534158192
1.8193216534158192
1.8193216534158192
1.8193216534158192
1.8193216534158192
1.8193216534158192
1.8193216534158192
1.8193216534158192
1.8193216534158192
1.8193216534158192
1.8193216534158192
1.9720676742181704
1.9720676742181704
1.9720676742181704
1.9720676742181704
1.9720676742181704
1.9720676742181704
1.9720676742181704
1.9720676742181704
1.9720676742181704
1.9720676742181704
1.9720676742181704
1.9720676742181704
1.9720676742181704
1.9720676742181704
1.9720676742181704
1.9720676742181704
1.9768252034362155
1.9768252034362155
1.9768252034362155
1.9768252034362155
1.9768252034362155
1.9768252034362155
1.9768252034362155
1.9768252034362155
1.9768252034362155
1.9768252034362155
1.9768252034362155
1.9768252034362155
1.9768252034362155
1.9768252034362155
1.9768252034362155
1.9768252034362155
1.8328699503736157
1.8328699503736157
1.8328699503736157
1.8328699503736157
1.8328699503736157
1.8328699503736157
1.8328699503736157
1.8328699503736157
1.8328699503736157
1.8328699503736157
1.8328699503736157
1.8328699503736157
1.8328699503736157
1.8328699503736157
1.8328699503736157
1.8328699503736157
1.5621177973515343
1.5621177973515343
1.5621177973515343
1.5621177973515343
1.5621177973515343
1.5621177973515343
1.5621177973515343
1.5621177973515343
1.5621177973515343
1.5621177973515343
1.5621177973515343
1.5621177973515343
1.5621177973515343
1.5621177973515343
1.5621177973515343
1.5621177973515343
1.2057883052932035
1.2057883052932035
1.2057883052932035
1.2057883052932035
1.2057883052932035
1.2057883052932035
1.2057883052932035
1.2057883052932035
1.2057883052932035
1.2057883052932035
1.2057883052932035
1.2057883052932035
1.2057883052932035
1.2057883052932035
1.2057883052932035
