%% ========================================================================
%% Programmatic octave notes on "Ripples in Mathematics" by A. Jensen
%% and A. la Cour-Harbo written with a deep gratitude to the authors for
%% this wonderful text. 
%% 
%% Reconstruction of graphs in ex 4.4, p.33, CDF44, with noise at 200.
%%
%% Author: Vladimir Kulyukin
%% 
%% NB: I have tested this code in Octave 4.
%% =========================================================================
t = (1.0/512)*[0:511];

%%y_ex_4_3_chirp_512_p33 = arrayfun(@(x) sin(x*x), t);

y_ex_4_4_with_noise_512_p34 = [
0.0
0.024541228522912288
0.049067674327418015
0.07356456359966743
0.0980171403295606
0.1224106751992162
0.14673047445536175
0.17096188876030122
0.19509032201612825
0.2191012401568698
0.24298017990326387
0.26671275747489837
0.29028467725446233
0.3136817403988915
0.33688985339222005
0.3598950365349881
0.3826834323650898
0.40524131400498986
0.4275550934302821
0.44961132965460654
0.47139673682599764
0.49289819222978404
0.5141027441932217
0.5349976198870972
0.5555702330196022
0.5758081914178453
0.5956993044924334
0.6152315905806268
0.6343932841636455
0.6531728429537768
0.6715589548470183
0.6895405447370668
0.7071067811865475
0.7242470829514669
0.7409511253549591
0.7572088465064846
0.7730104533627369
0.7883464276266062
0.8032075314806448
0.8175848131515837
0.8314696123025452
0.844853565249707
0.8577286100002721
0.8700869911087113
0.8819212643483549
0.8932243011955153
0.9039892931234433
0.9142097557035307
0.9238795325112867
0.9329927988347388
0.9415440651830208
0.9495281805930367
0.9569403357322089
0.9637760657954398
0.970031253194544
0.9757021300385286
0.9807852804032304
0.9852776423889412
0.989176509964781
0.99247953459871
0.9951847266721968
0.9972904566786902
0.9987954562051724
0.9996988186962042
1.0
0.9996988186962042
0.9987954562051724
0.9972904566786902
0.9951847266721969
0.99247953459871
0.989176509964781
0.9852776423889412
0.9807852804032304
0.9757021300385286
0.970031253194544
0.9637760657954398
0.9569403357322089
0.9495281805930367
0.9415440651830208
0.9329927988347388
0.9238795325112867
0.9142097557035307
0.9039892931234434
0.8932243011955152
0.881921264348355
0.8700869911087115
0.8577286100002721
0.8448535652497072
0.8314696123025453
0.8175848131515837
0.8032075314806449
0.7883464276266063
0.7730104533627371
0.7572088465064847
0.740951125354959
0.7242470829514669
0.7071067811865476
0.689540544737067
0.6715589548470186
0.6531728429537766
0.6343932841636455
0.6152315905806269
0.5956993044924335
0.5758081914178454
0.5555702330196022
0.5349976198870972
0.5141027441932218
0.49289819222978415
0.47139673682599786
0.4496113296546069
0.42755509343028203
0.4052413140049899
0.3826834323650899
0.35989503653498833
0.33688985339222033
0.3136817403988914
0.2902846772544624
0.2667127574748985
0.24298017990326407
0.21910124015687005
0.1950903220161286
0.17096188876030122
0.1467304744553618
0.12241067519921635
0.09801714032956083
0.07356456359966773
0.049067674327417966
0.024541228522912326
1.0000000000000002
0.9754587714770879
0.9509323256725822
0.9264354364003325
0.9019828596704395
0.8775893248007839
0.8532695255446384
0.8290381112396991
0.8049096779838716
0.7808987598431302
0.7570198200967362
0.7332872425251018
0.709715322745538
0.6863182596011088
0.66311014660778
0.6401049634650119
0.6173165676349104
0.5947586859950103
0.5724449065697181
0.5503886703453933
0.5286032631740023
0.5071018077702161
0.48589725580677845
0.46500238011290307
0.44442976698039804
0.42419180858215466
0.40430069550756675
0.3847684094193733
0.36560671583635473
0.34682715704622347
0.32844104515298156
0.31045945526293317
0.29289321881345254
0.2757529170485332
0.2590488746450411
0.24279115349351577
0.22698954663726334
0.2116535723733941
0.19679246851935495
0.18241518684841618
0.16853038769745476
0.15514643475029288
0.142271389999728
0.12991300889128865
0.11807873565164506
0.10677569880448479
0.09601070687655688
0.08579024429646953
0.07612046748871348
0.06700720116526104
0.058455934816979194
0.050471819406963325
0.043059664267791176
0.03622393420456016
0.029968746805456026
0.02429786996147154
0.01921471959676968
0.01472235761105889
0.010823490035219097
0.007520465401289922
0.004815273327803071
0.002709543321309793
0.001204543794827595
3.0118130379575003E-4
0.0
3.0118130379575003E-4
0.001204543794827595
0.002709543321309793
0.004815273327803071
0.007520465401289922
0.010823490035219097
0.014722357611058778
4.0
0.02429786996147143
0.029968746805456026
0.03622393420456005
0.043059664267791065
0.050471819406963214
0.05845593481697908
0.06700720116526093
0.07612046748871337
0.08579024429646942
0.09601070687655666
0.10677569880448468
0.11807873565164495
0.12991300889128854
0.14227138999972777
0.15514643475029277
0.16853038769745454
0.18241518684841607
0.19679246851935472
0.21165357237339388
0.22698954663726312
0.24279115349351543
0.2590488746450409
0.275752917048533
0.2928932188134523
0.31045945526293284
0.32844104515298134
0.3468271570462229
0.36560671583635407
0.3847684094193726
0.40430069550756675
0.4241918085821548
0.4444297669803978
0.46500238011290274
0.4858972558067781
0.5071018077702157
0.5286032631740021
0.5503886703453931
0.5724449065697175
0.5947586859950096
0.6173165676349096
0.640104963465012
0.66311014660778
0.6863182596011085
0.7097153227455375
0.7332872425251014
0.7570198200967359
0.7808987598431298
0.8049096779838713
0.8290381112396983
0.8532695255446376
0.877589324800784
0.9019828596704395
0.9264354364003325
0.9509323256725819
0.9754587714770876
0.9999999999999998
1.0245412285229119
1.0490676743274177
1.073564563599667
1.09801714032956
1.1224106751992156
1.146730474455362
1.1709618887603013
1.1950903220161282
1.2191012401568697
1.2429801799032636
1.266712757474898
1.290284677254462
1.313681740398891
1.3368898533922196
1.3598950365349876
1.38268343236509
1.40524131400499
1.427555093430282
1.4496113296546065
1.4713967368259975
1.492898192229784
1.5141027441932216
1.534997619887097
1.5555702330196017
1.5758081914178448
1.5956993044924328
1.615231590580627
1.6343932841636455
1.6531728429537766
1.6715589548470184
1.6895405447370668
1.7071067811865475
1.7242470829514667
1.7409511253549588
1.7572088465064843
1.7730104533627364
1.788346427626606
1.8032075314806448
1.8175848131515837
1.8314696123025453
1.8448535652497071
1.857728610000272
1.8700869911087112
1.881921264348355
1.8932243011955152
1.903989293123443
1.9142097557035305
1.9238795325112865
1.9329927988347388
1.9415440651830207
1.9495281805930367
1.9569403357322088
1.96377606579544
1.9700312531945439
1.9757021300385285
1.9807852804032304
1.985277642388941
1.989176509964781
1.99247953459871
1.995184726672197
1.9972904566786902
1.9987954562051724
1.9996988186962041
2.0
1.9996988186962041
1.9987954562051724
1.9972904566786902
1.995184726672197
1.99247953459871
1.9891765099647811
1.985277642388941
1.9807852804032307
1.9757021300385285
1.9700312531945443
1.96377606579544
1.9569403357322086
1.949528180593037
1.9415440651830207
1.9329927988347393
1.9238795325112867
1.914209755703531
1.9039892931234434
1.8932243011955157
1.8819212643483552
1.8700869911087121
1.8577286100002723
1.844853565249707
1.8314696123025456
1.8175848131515835
1.8032075314806453
1.7883464276266063
1.7730104533627375
1.7572088465064846
1.7409511253549597
1.7242470829514671
1.7071067811865483
1.6895405447370673
1.671558954847018
1.653172842953777
1.6343932841636453
1.6152315905806276
1.5956993044924332
1.575808191417846
1.5555702330196022
1.5349976198870983
1.514102744193222
1.4928981922297835
1.471396736825998
1.4496113296546063
1.4275550934302825
1.4052413140049897
1.3826834323650905
1.3598950365349882
1.3368898533922209
1.3136817403988916
1.2902846772544634
1.2667127574748986
1.2429801799032634
1.2191012401568702
1.195090322016128
1.170961888760302
1.1467304744553617
1.1224106751992171
1.0980171403295607
1.0735645635996685
1.0490676743274183
1.0245412285229134
3.6739403974420594E-16
-0.024541228522912725
-0.04906767432741748
-0.07356456359966769
-0.0980171403295599
-0.12241067519921629
