%% ========================================================================
%% Programmatic octave notes on "Ripples in Mathematics" by A. Jensen
%% and A. la Cour-Harbo written with a deep gratitude to the authors for
%% this wonderful text. 
%% 
%% Reconstruction of graphs in Ex. 4.3, p. 33.
%%
%% Author: Vladimir Kulyukin
%% 
%% NB: I have tested this code in Octave 4.
%% =========================================================================
t = [0:511];

%%y_ex_4_3_chirp_512_p33 = arrayfun(@(x) sin(x*x), t);

y_ex_4_3_chirp_512_p33 = [
0.0
0.8414709848078965
-0.7568024953079282
0.4121184852417566
-0.2879033166650653
-0.13235175009777303
-0.9917788534431158
-0.9537526527594719
0.9200260381967906
-0.6298879942744539
-0.5063656411097588
0.9988152247235795
-0.49102159389846933
-0.6019998676776046
0.9395300555699313
-0.9300948780045254
-0.9992080341070627
-0.026521020285755953
-0.4040652194563607
0.2793865543595699
-0.8509193596391765
0.9234700129260028
0.19350296674212325
0.9364725475338364
-0.8859527784925297
0.17601627283386595
-0.5291338443628917
0.14993681711330134
-0.9851359060614224
-0.8115681644677003
0.9978032744219705
-0.3215367736757958
-0.15853338004399595
0.9055399984980432
-0.10589758762554134
-0.21933702833760824
0.9956757929363228
-0.6701396839379524
-0.9055272090161384
0.45213333953209767
-0.8012247906768953
-0.24539810131000514
-0.9999908622413068
0.9851203677373821
0.7025150575473956
0.97049168633502
-0.9905826083622151
-0.44427471223153914
-0.9365254011824229
0.7333337958292518
-0.6501275235748956
-0.236456371968843
0.7902854647755708
0.4042582281073567
0.5663064119145463
0.346394965535536
0.6369471771360007
0.5590140193623636
0.6017832141649304
0.11508425966985522
-0.2620839590180966
0.9766556656643753
-0.9660321335212897
-0.9201559227267819
-0.5946419876082146
0.42785574688343203
0.9835224135737828
0.3296208750563675
-0.41176140298346714
-0.9965019983464921
-0.7736233386803075
0.9509241545016164
0.36359262075472676
0.7570979728966365
-0.20259269090077126
0.9997657290235363
0.9835006076878136
-0.7274941973722288
0.9535984876805766
0.9745271031531163
-0.5444763096196569
0.9767074399435045
0.8369692092360629
0.49052257006311906
-0.017099129324754634
-0.6155654443683674
0.6372259975359011
-0.7853724073864938
0.02588820625858735
-0.8648845336882347
0.8272184413093554
-0.23598771211618064
0.5221681399851388
-0.19418313634197543
0.9635941681513821
0.714349265095485
-0.990499883225518
0.0699403548870591
-0.1506818641899401
-0.6954738915705097
-0.30561438888825215
-0.24609937969464782
-0.8162378872529374
0.1577297229423519
0.4824996614362379
-0.913326194526488
0.9955970299462531
0.8605611322208684
0.6694905763250729
-0.48242044949362944
-0.987873011641156
-0.32062322900654455
0.3704243090429737
0.9999944204825687
0.6952789235816449
-0.8934963527362368
-0.5300543636773004
-0.8823384978101716
0.44516569168778897
-0.9634731745842302
-0.8727092242195603
0.92393196159647
-0.7617387990249458
-0.7896385534858134
0.8652021237010152
-0.9585471955209383
-0.9992599317201509
0.06327417278600043
-0.559938465669347
0.016285345202760176
-0.980524855413266
0.9987437664013248
0.6647380956862394
0.9657276574426782
-0.9743035256085478
-0.581862188490124
-0.9919782188223484
0.9024776658618162
-0.3284537764224785
0.20374380148689844
0.38625289537036805
0.8423818609991991
0.9515842206383249
-0.36479980722156113
0.9966144424106168
0.9940834074976912
-0.2896349263648538
0.9025815138412681
0.7284242383660194
0.593405260747558
-0.0864768631955748
-0.6283884104063706
0.6650983405532557
-0.8377437043128914
-0.11679090072395298
-0.9461011974793929
0.9402300744802112
0.0639961709536449
0.7862858935110772
-0.5678706133570136
0.7436638886532208
0.2773019323823309
-0.7611134830694052
-0.5234786501647082
-0.7347463086288
-0.04192371858296498
-0.8870129486364995
-0.8829053120355148
-0.06834652794286296
-0.7041222206455191
-0.4699018882640378
-0.8101568402133167
0.3690799234749107
0.8152789478246497
-0.4543098582019527
0.6851523290948035
-0.10337936318137572
0.8614197263709612
-0.8614350361080658
0.10328941423905749
-0.6852621070186646
0.454497825443887
-0.8151218170348054
-0.36877172618408394
0.8099270547876143
0.47030097495759343
0.7044860109002429
0.06777511332763597
0.8832023756955725
0.8873328722103334
0.04117076047735824
0.7352981660905888
0.5242232906424662
0.7605070328744293
-0.27634604349604597
-0.7429581157435731
0.5687883170831671
-0.7870117279386232
-0.06522950679587128
-0.9406706947286241
0.9465396567857337
0.11819787191704316
0.8385493661611594
-0.6662455881052698
0.6271447968720294
0.08482501653949996
-0.5920213770362611
-0.7296415944508385
-0.9033716282206742
0.2914520967339717
-0.9942943261752034
-0.9967784612348715
0.3667356386696538
-0.9522399278870575
-0.8435656486289559
-0.38416653965157127
-0.2060156786585576
0.32620356346894436
-0.9035267010973536
0.9922913863876501
0.5839441381155454
0.9737094730482265
-0.9650278296300416
-0.6667849246068954
-0.99859936575043
0.9810832531892106
-0.013361665241050081
0.5624085557286882
-0.06631235373900582
0.9993745450754047
0.957640535301804
-0.8668149338864826
0.7876182589768339
0.7595667031609445
-0.9252297068120316
0.8710114495979078
0.9625226661528972
-0.4483749528245773
0.8840491784077832
0.5331947549293515
0.8917978964618788
-0.6925222592047784
-0.9999998497899818
-0.3667534351056216
0.3168231217846467
0.9872329884667106
0.4787989104604149
-0.6663722419650999
-0.8627182581614657
-0.9951837162379726
0.915097433210867
-0.4786136485168358
-0.15329286147734453
0.813599794683712
0.2505669859343563
0.3100598634813484
0.6920654538227232
0.15541834301419308
-0.06509819405442865
0.9898122522758022
-0.7108598183143824
-0.9622359989776819
0.19917802032431528
-0.5265573175928078
0.23091684450380331
-0.8301709840548737
0.8675505010913541
-0.020493824759984965
0.7887381724660202
-0.6414676557429582
0.6111609730830807
0.011462717559843088
-0.48554986148051044
-0.8401061501522868
-0.9779392727299107
0.549397326231523
-0.9731781156842975
-0.9517752370075722
0.7316379922440975
-0.982375189078635
-0.999880393597263
0.2086991924737104
-0.7611988297956327
-0.36951036257272085
-0.9489178330987977
0.7695004390498699
0.9970273264501016
0.4057364787350889
-0.3233240162459325
-0.9822849216274053
-0.42171562882450053
0.5891265875791397
0.9228368843282492
0.9642092460596192
-0.978140316459587
0.25524113522987946
-0.12217800607670348
-0.5960137037038986
-0.5650228743836208
-0.6425769955361778
-0.339457452341962
-0.5724273281732223
-0.4111120492602063
-0.7856267634027474
0.22903931790926924
0.6442677427657229
-0.7385787473478675
0.9392340984078246
0.4513094664421899
0.989466021250259
-0.9685344981782511
-0.7082201388196002
-0.9836943648864119
0.9999924178888859
0.25336747457530945
0.8061574562246517
-0.45956526410461984
0.9019268458333028
0.6638285692586469
-0.9948470881417695
0.21094709796687366
0.09729094910690418
-0.9018096415557872
0.14986631905510503
0.31316106608012473
-0.9983529191270402
0.8063049239975647
0.9835476610324192
-0.15890140237594017
0.5368619933214975
-0.16695847726848043
0.8902067048060471
-0.9396988883894631
-0.2026920342162199
-0.927048856880548
0.8558688601489417
-0.27019870102623206
0.41284249236967385
0.01684699580669905
0.9995480927085982
0.9264517043210903
-0.9428601183893885
0.5940513126460436
0.4823051782710528
-0.9982764229194228
0.49763196553884703
0.621965549848488
-0.923982295180302
0.9506124614532405
0.9930488992762896
0.12203646577212393
0.29790458883067455
-0.4025104199958396
0.7636759906027696
-0.8471725703573871
-0.010701041200271454
-0.8472366291283623
0.7638316578807636
-0.4021792584038342
0.29836496486089
0.12143806277128191
0.9931337929813916
0.9503501488728843
-0.9243507696680325
0.6211154263470638
0.4965857296892704
-0.9981977050408645
0.4810371593454183
0.5927896386637616
-0.9434212253870147
0.925769384589262
0.99960422566316
0.014797436731157966
0.41481831808169495
-0.26799223664500227
0.8571136058998421
-0.9279952805055554
-0.20528895771522543
-0.9406437435638866
0.8915212922224849
