%% ========================================================================
%% Programmatic octave notes on "Ripples in Mathematics" by A. Jensen
%% and A. la Cour-Harbo written with a deep gratitude to the authors for
%% this wonderful text. 
%% 
%% Reconstruction of graphs in ex. 4.3, p.33, CDF44, D8.
%%
%% Author: Vladimir Kulyukin
%% 
%% NB: I have tested this code in Octave 4.
%% =========================================================================
t = [0:511];

%%y_ex_4_3_chirp_512_p33 = arrayfun(@(x) sin(x*x), t);

y_ex_4_3_chirp_D4_D8_512_p33 = [
-0.1334273592266622
0.3820869929002179
-0.831679572040026
0.5313801897853134
-0.10424492176734204
0.15046762364085467
-0.4359399408345409
-0.1714794620379702
1.2988459700471564
-0.4857434644379145
-0.7033319932181193
0.4892572915638683
-0.41837034797902706
-0.18690058374273238
1.2945043318096228
-0.527376486967318
-0.5721048393370599
0.4312260867525808
-0.13131352130758295
0.42492322557944134
-0.927051792402196
0.650977369848534
-0.18665878675562084
0.424876975023345
-0.8306813380447056
0.6110455822393779
-0.316528836144945
0.3014717503305241
-0.5004622271771946
-0.09938367506361129
1.168079785902323
-0.48700309711438305
-0.5031397151003205
0.33983205178798986
-0.2959207129402441
-0.19358377504631155
1.143584383121619
-0.3749900743373653
-0.7291021276011151
0.5810991464557066
-0.2989849591079835
0.517380607171644
-0.9685664251325596
0.5509675015343275
0.14243077873236848
0.19346815278245208
-0.6539571790979181
0.6494696414975522
-0.6998915040971606
0.5453886953373314
-0.4735523700422185
0.09320052837373077
0.48970687563087895
-0.31666662964139675
0.08050152145674336
-0.07992160620525257
0.06254073930547116
-0.10786187757261836
0.3036706142100084
0.0621480121793674
-0.5936876374172739
0.5067480750714006
-0.4107483367628797
0.34856163547247365
-0.3952735038950913
0.035570377277123255
0.5475342628784229
-0.29689310402394115
0.05356519326500682
0.21705613095486695
-0.671525421711741
0.43986476048430695
-0.033529753663569375
0.279088279375885
-0.8533224749605285
0.20092237136990845
0.7696478630373332
-0.5527910037861069
0.4677353116213749
0.10920903260702897
-1.102286834063963
0.5423334304147317
0.2549346294612897
-0.16653233491818986
-0.0820596628674102
-0.2671844506973815
0.811502918968368
-0.6277939842221224
0.3168580979008201
-0.4807396589497338
0.7719032230875894
-0.5880438848083746
0.34198883812824904
-0.32805133521306046
0.5140193754294556
0.04607022803587199
-1.0013350337386138
0.4817859068000193
0.2646516546344734
-0.16433005088051159
0.11824421268122202
0.13025225815549848
-0.6740759221158412
0.11572349648211963
0.693005945661282
-0.5673156411430463
0.4070319523854919
-0.3758525312148268
0.4783716047823361
-0.08192110309149822
-0.5472041788942666
0.30797535917943786
-0.07363896515705115
-0.17895621012178523
0.6078682470627976
-0.3787567980494756
-0.06505363957020276
-0.29240345662269174
1.055304314553702
-0.3050684540662135
-0.806207332500944
0.5700637713778645
-0.4820100047559245
-0.15872239902670332
1.3220235839890813
-0.5350715271392887
-0.5920042292213142
0.449721058149283
-0.14243090327899638
0.4509551955474933
-1.0311216149376972
0.5975058144336064
0.10212673250358974
0.19102873391172925
-0.5691406423463747
0.6301907927346142
-0.7863270557342055
0.5875971153740163
-0.36273714866504675
0.23539576789283784
-0.16759834532094936
-0.12242015453829257
0.5730998987140438
-0.42418371629334584
0.3944524949820595
0.0800830566876721
-0.8820370570037167
0.4620487716363396
0.13160060624913525
-0.07713796355915041
-0.14079127995827323
-0.2513451361528854
0.8713969571517887
-0.6408569072819968
0.2584013335921145
-0.442902213257249
0.7191093578680446
-0.6530640623292598
0.5993755364198894
-0.49957091843612006
0.49988500555046267
-0.1265509984506459
-0.40461785168647846
0.34673904840371217
-0.28934341728123136
0.2301445631077617
-0.25367051085366243
-0.03153670520959882
0.47687539484020464
-0.32459528922660785
0.1175436333901786
-0.11490218579467033
0.25349378821509727
0.13500352773186264
-0.7102370213053584
0.5885616123654156
-0.3766812780591466
0.5014503083129653
-0.703694345783986
0.616797720003643
-0.5223537311255441
0.45607688479143943
-0.5150704691831897
0.10654844142001177
0.4893123335268863
-0.3860153857578399
0.26334326783675793
-0.21298026932836436
0.2525988725948135
0.04359843370888035
-0.5174392225368208
0.32830550895079885
-0.06842563746512711
0.07257402170123836
-0.22949968084523503
-0.18374721220891455
0.8201592057754594
-0.6237077057535297
0.29692715556375804
-0.45654124230256565
0.6848985491128066
-0.6567026659405688
0.6634511652240223
-0.5397854537437172
0.470174859170108
-0.19882782189163467
-0.1183579815342101
0.26447118074179676
-0.5103331878521142
0.3839275758750118
-0.3946959901396767
-0.10647603100872072
0.9816981182834247
-0.4609463542002542
-0.27882342915075314
0.20120683682109397
0.053239854082268
0.35225236719884173
-1.0607101714037808
0.6384850271922664
0.02780689992464437
0.21677080720126646
-0.5177692997963175
0.6082025544175933
-0.8173225297907841
0.5834976331340886
-0.22668905207524814
0.32886182970722877
-0.6841274007866781
0.09483780769063857
0.7932176626910649
-0.5662636994747827
0.4929534115925191
0.1537628788979197
-1.3494627586788992
0.496327990706055
0.7322621588882441
-0.5596337482961112
0.2735303909856386
-0.41092130021418105
0.7883306259091097
-0.2699790265992581
-0.5182607829436672
0.2992640795329312
-0.05966693108829445
-0.10304830983129451
0.4047417652935827
-0.18776146293730933
-0.30081148060715845
-0.22421311172453917
1.1825866048030695
-0.5236799828902972
-0.4320033061535448
0.28010099496327884
-0.13789977109016066
-0.040506403539215544
0.4212368699963917
-0.046882799746825854
-0.5050690036925922
0.39421704355842024
-0.3815112714498759
0.002518939060480646
0.5206602248944101
-0.5057268076644956
0.4587393878382174
-0.5313791342875125
0.634475065635768
-0.6239069675363902
0.6501700800113032
-0.5389772433186943
0.4685496532162836
-0.24598409165617885
0.039033235833694585
0.2261924951468268
-0.6507778105673646
0.4806250601846982
-0.4781201388618835
-0.15005499829092084
1.2977053694332314
-0.5066477740529736
-0.63038184455053
0.4762262944874813
-0.1869111346686443
0.40201850558959085
-0.8993557793115647
0.34339671636487845
0.49427531218037474
-0.2805802399608731
0.0351586383627651
0.09185794364655758
-0.34354206771116885
0.12996059077071326
0.3566702082987696
0.1757329357895182
-1.101273130730032
0.5596058775522489
0.21499736219436694
-0.12027166515491827
-0.03792673888118894
-0.04075822448816604
0.14848804671091004
-0.14782097999413946
0.15959561366810907
-0.12493718935128648
0.2529725511946844
0.22617356298760707
-1.0140176418272127
0.6497852323726202
-0.08325338142829504
0.27171332446645846
-0.49377156403365124
0.5904392539067415
-0.8192251981979982
0.5549391043933455
-0.0956603540471008
0.36410410501690416
-0.9801258479200063
0.2989688653352717
0.7125881505565889
-0.4910754553238063
0.33632351023800094
0.06758294634773498
-0.8397276886172452
0.23758843942284646
0.6424747203281322
-0.48531172524372657
0.4129381744317482
-0.02412610964954079
-0.513165661951204
0.49632362381223605
-0.44785722944474377
0.517414539278761
-0.5922828941563484
0.6473301590900449
-0.7904045479080073
0.6049572379457284
-0.3478864336422227
0.3581181492357964
-0.57013775151491
0.02907470833163661
0.7939781988648804
-0.5646306063445335
0.46044062035703454
0.11084391216476763
-1.1817021852670033
0.3881258763958272
0.7660549650793176
-0.5744413694368239
0.4200516650900911
-0.12674050717215724
-0.22207502371141744
0.36374541464496846
-0.552807408234296
0.5650015328601491
-0.5631523195730026
0.6137135568850283
-0.7375867389546044
0.5878560183873187
-0.40262842891733897
0.34987695770182503
-0.4584706227566416
-0.03508395830353958
0.7920037046814252
-0.5660312731498608
0.46737374068044935
0.10642946364942099
-1.179086658829816
0.38999541459755327
0.7586418928075124
-0.565435024790308
0.42551245329827725
-0.08673017992873223
-0.3500170688467154
0.4211540520450991
-0.5051881698466318
