%% ========================================================================
%% Programmatic octave notes on "Ripples in Mathematics" by A. Jensen
%% and A. la Cour-Harbo written with a deep gratitude to the authors for
%% this wonderful text. 
%% 
%% Reconstruction of graphs in Ex. 4.3, p.33, Ch 04, S5, CDF44, 3 scales.
%%
%% Author: Vladimir Kulyukin
%% 
%% NB: I have tested this code in Octave 4.
%% =========================================================================
t = [0:511];

%%y_ex_4_3_chirp_512_p33 = arrayfun(@(x) sin(x*x), t);

y_ex_4_3_chirp_CDF44_S5_512_p33 = [
-0.1311593855557856
-0.14752887134187934
-0.15776830637746508
-0.1696502835612112
-0.17540220999444936
-0.1827966785758479
-0.19183368930540687
-0.20043058219283216
-0.2028974243297495
-0.20700680861482718
-0.2127587350480653
-0.21807054363916972
-0.22502489437843465
-0.23153912727556586
-0.23761324233056338
-0.24380528660593512
-0.1940625781433204
-0.15930754150568363
-0.13954017669302493
-0.11575687731844063
-0.1069612497688344
-0.0941496876573026
-0.07732219098384523
-0.06157076073311203
-0.06080700230735692
-0.05602730931967623
-0.04723168177006998
-0.039512120643187904
-0.027776624954380297
-0.017117195688296862
-0.007533832844937617
0.0023378611273928217
-0.021228604125106965
-0.03583534161693019
-0.04148235134807687
-0.04953011289709953
-0.048618146685445646
-0.050106932291667745
-0.053996469715765855
-0.05724272762903652
-0.05152925778163068
-0.04821653975210081
-0.047304573540446926
-0.04574932781796562
-0.04659483391336031
-0.04679706049792757
-0.04635600757166742
-0.04608732087084095
-0.026080665494992973
-0.011362782885847801
-0.0019336730434054428
0.008912559190826648
0.014470018658355926
0.021444600517674935
0.02983630476878368
0.0378482922194363
0.040571506903386116
0.04471184397912566
0.05026930344665494
0.05544704611372809
0.06204191117259098
0.06825705943099773
0.07409249088894838
0.08002966715693376
0.12276134761602302
0.1556339703912024
0.17864753548247198
0.204302827118277
0.22009906107017227
0.23853702156660295
0.25961670860756914
0.27998854715430316
0.2905013280171275
0.30365583542448726
0.3194520693763825
0.3345404548340455
0.35227056683624414
0.36929283034421045
0.3856072453579448
0.40211132780407205
0.308455222577803
0.24431645067641333
0.20969501209990332
0.16716442789627148
0.1541511770175193
0.13322878051164533
0.10439723837864961
0.07768494542926128
0.08048998580475261
0.07538588055312215
0.062372629674369934
0.051478627979225124
0.03267548065695859
0.015991582518299463
0.0014269335632477566
-0.013705566499111876
0.0036626878681493636
0.012322391332591456
0.012273543894214402
0.01455814563749306
0.00813419647795258
0.004043696500067811
0.002286645703838755
-9.565091619401396E-5
-0.011186498439045926
-0.019943896780242124
-0.026367845939782607
-0.03341704092312679
-0.03813278672481528
-0.04347377835030747
-0.04944001579960338
-0.055238719135340134
-0.10674275193887878
-0.14600007862172149
-0.1730106991838683
-0.20330281476099687
-0.22134822421742956
-0.24267512868884394
-0.2672835281752402
-0.2910126537224052
-0.30249507314887447
-0.31725898759032534
-0.335304397046758
-0.35247053256395944
-0.3729181630961428
-0.392486519689095
-0.41117560234281597
-0.4301002857384797
-0.26027467559712414
-0.1410245541801502
-0.07234992148755795
0.009876372565541715
0.04152717789425969
0.08672964458348507
0.1454837726332179
0.2006067439653027
0.20515422657300583
0.22325337054121636
0.2549041758699343
0.28292382448100417
0.3244951344525816
0.3624352877065109
0.3967442842427923
0.43202624628915814
0.3038915213403054
0.21954416570159094
0.17898417937301492
0.12669140279910396
0.1181859955353315
0.09794779802622407
0.06597681027178173
0.03714961418854063
0.05210978741543801
0.055337170397000444
0.046831763133227955
0.0414701475406567
0.02437574170275055
0.010425127536045636
-3.8169495945803746E-4
-0.012030893894431773
-0.04536343105168148
-0.07288593524306143
-0.09459840646857165
-0.11786767133528483
-0.13532690323612834
-0.1543429287781748
-0.17491574796142423
-0.1950714255457314
-0.209417070164169
-0.22531950842380946
-0.24277874032465296
-0.25982083062655414
-0.2784197145696584
-0.2966014569138203
-0.3143660576590401
-0.33224243115882574
-0.16864899039701378
-0.05368023981722271
0.012663820580547394
0.09203682744480356
0.12278514412703881
0.16656240727576008
0.2233686168909674
0.2766837308222514
0.28137415457151466
0.2990935247872638
0.3298418414694991
0.357099062467811
0.39738522993260905
0.43418030171348365
0.4674842778104352
0.5017236901765936
0.31163844622027037
0.18166081276794513
0.11179078981961807
0.025814981177780208
-5.321696005945037E-5
-0.0420272007914099
-0.10010697031627112
-0.15387120757108738
-0.14752783432190555
-0.15729024676623443
-0.1831584449040741
-0.20471111077186877
-0.24236956233317433
-0.2757124816244349
-0.30473986864565045
-0.33492359905353497
-0.2624561920876174
-0.21749407448314625
-0.2000372462401217
-0.17521039792511311
-0.17788883897155117
-0.17319725994600524
-0.16113566084847533
-0.15104885267743468
-0.16846733386784069
-0.17851579498626266
-0.18119423603270068
-0.18584746800562793
-0.1831306799065713
-0.18238868273400388
-0.18362147648792576
-0.18432512660787448
-0.08153859604573643
-0.0064821758219144945
0.0408441340635913
0.09560070462027481
0.12262716483864222
0.15708388572818735
0.19897086728891022
0.23886691650323827
0.25103285537925024
0.2706290549264399
0.2976555151448073
0.3226910430167798
0.3551568315599303
0.3856316877566857
0.41411561160704646
0.4431330041718085
0.3200902119268525
0.2377918234025877
0.19623783859901414
0.14376642372239368
0.13203941256646462
0.10939497133748868
0.07583310003546583
0.045196545304939134
0.05530439429510378
0.05449481321222154
0.04276780205629244
0.033966107471859484
0.014246982814379684
-0.0025468252716039624
-0.01641531678609145
-0.031067644513516714
-0.02877575125798388
-0.031024048331209145
-0.03781253573319253
-0.04338448280310157
-0.05349662020176873
-0.062392217268361555
-0.07007127400288005
-0.07807630173693773
-0.09062151979975358
-0.10195019753049507
-0.1120623349291622
-0.12250044332736855
-0.1317220113935006
-0.14126955045917183
-0.1511430605243823
-0.16092922692351022
-0.14798822284899485
-0.14113694574913666
-0.14037539562393564
-0.13798210807374917
-0.14167854749821995
-0.14374324949770528
-0.1441762140722052
-0.14504640137198954
-0.15200631564643122
-0.15733449249588738
-0.1610309319203581
-0.16516459407011333
-0.16766651879488315
-0.17060566624493742
-0.17398203642027618
-0.1772412531194624
-0.17948553253448835
-0.1820017635751732
-0.18478994624151707
-0.18750525968938522
-0.19049252476291256
-0.19340692061796408
-0.19624844725453994
-0.19910949913935944
-0.20224250264983812
-0.20530263694184103
-0.20828990201536823
-0.21129669233713907
-0.21423061344043431
-0.21718405979197314
-0.22015703139175563
-0.22312477121703914
-0.1528619438415639
-0.10222118780880499
-0.07120250311876247
-0.03492610025861323
-0.018271768741180396
0.0036402809463591786
0.03081004880400549
0.05657101532394125
0.06270991050116062
0.0741065238484867
0.09076085536591953
0.1060063855456418
0.12650963389547087
0.14560408090758933
0.16328972658199728
0.18135285943714063
0.12927975054819246
0.09599959099472756
0.08151238077674602
0.0619896149609227
0.06125979848058273
0.05549442640240098
0.04469349872637749
0.0352418441062377
0.04458313882158126
0.048888877939083045
0.048159061458743074
0.048778518034286816
0.04436241901198881
0.04129559304557451
0.03957804013504393
0.037498950598820226
0.07344227955275266
0.09919753217796956
0.11476470847447094
0.13306177159567825
0.14117075838817011
0.1520096320053679
0.16557839244727163
0.17841568191906698
0.18106489506214696
0.1864439950299328
0.19455298182242464
0.2019304976448081
0.21203790029189762
0.22141383196887873
0.2300582926757515
0.23889875043835157
0.2004968669048509
0.1747535305701959
0.1616687414343866
0.14519210479929526
0.14137401536304972
0.13416407842752218
0.12356229399271271
0.11386935235618531
0.1168349579185037
0.11640871598154008
