%% ========================================================================
%% Programmatic octave notes on "Ripples in Mathematics" by A. Jensen
%% and A. la Cour-Harbo written with a deep gratitude to the authors for
%% this wonderful text. 
%% 
%% Reconstruction of graphs in Ex. 4.3, p.33, Ch 04, HWT, S6, 3 scales.
%%
%% Author: Vladimir Kulyukin
%% 
%% NB: I have tested this code in Octave 4.
%% =========================================================================
t = [0:511];

%%y_ex_4_3_chirp_512_p33 = arrayfun(@(x) sin(x*x), t);

y_ex_4_3_chirp_HWT_S6_512_p33 = [
-0.23362494977796264
-0.23362494977796264
-0.23362494977796264
-0.23362494977796264
-0.23362494977796264
-0.23362494977796264
-0.23362494977796264
-0.23362494977796264
-0.03762483205931382
-0.03762483205931382
-0.03762483205931382
-0.03762483205931382
-0.03762483205931382
-0.03762483205931382
-0.03762483205931382
-0.03762483205931382
0.006514806009147055
0.006514806009147055
0.006514806009147055
0.006514806009147055
0.006514806009147055
0.006514806009147055
0.006514806009147055
0.006514806009147055
-0.2761963878364002
-0.2761963878364002
-0.2761963878364002
-0.2761963878364002
-0.2761963878364002
-0.2761963878364002
-0.2761963878364002
-0.2761963878364002
0.036739280250653435
0.036739280250653435
0.036739280250653435
0.036739280250653435
0.036739280250653435
0.036739280250653435
0.036739280250653435
0.036739280250653435
-0.1029179954002705
-0.1029179954002705
-0.1029179954002705
-0.1029179954002705
-0.1029179954002705
-0.1029179954002705
-0.1029179954002705
-0.1029179954002705
0.12718369617951247
0.12718369617951247
0.12718369617951247
0.12718369617951247
0.12718369617951247
0.12718369617951247
0.12718369617951247
0.12718369617951247
0.0926515400914196
0.0926515400914196
0.0926515400914196
0.0926515400914196
0.0926515400914196
0.0926515400914196
0.0926515400914196
0.0926515400914196
-0.010575692200410351
-0.010575692200410351
-0.010575692200410351
-0.010575692200410351
-0.010575692200410351
-0.010575692200410351
-0.010575692200410351
-0.010575692200410351
0.5127494541154257
0.5127494541154257
0.5127494541154257
0.5127494541154257
0.5127494541154257
0.5127494541154257
0.5127494541154257
0.5127494541154257
0.12236399075991435
0.12236399075991435
0.12236399075991435
0.12236399075991435
0.12236399075991435
0.12236399075991435
0.12236399075991435
0.12236399075991435
0.21977035483169477
0.21977035483169477
0.21977035483169477
0.21977035483169477
0.21977035483169477
0.21977035483169477
0.21977035483169477
0.21977035483169477
-0.3721171521240493
-0.3721171521240493
-0.3721171521240493
-0.3721171521240493
-0.3721171521240493
-0.3721171521240493
-0.3721171521240493
-0.3721171521240493
0.037988189407576804
0.037988189407576804
0.037988189407576804
0.037988189407576804
0.037988189407576804
0.037988189407576804
0.037988189407576804
0.037988189407576804
-0.0948123805016204
-0.0948123805016204
-0.0948123805016204
-0.0948123805016204
-0.0948123805016204
-0.0948123805016204
-0.0948123805016204
-0.0948123805016204
-0.31618568073599035
-0.31618568073599035
-0.31618568073599035
-0.31618568073599035
-0.31618568073599035
-0.31618568073599035
-0.31618568073599035
-0.31618568073599035
-0.056391771306035295
-0.056391771306035295
-0.056391771306035295
-0.056391771306035295
-0.056391771306035295
-0.056391771306035295
-0.056391771306035295
-0.056391771306035295
0.2001510802362773
0.2001510802362773
0.2001510802362773
0.2001510802362773
0.2001510802362773
0.2001510802362773
0.2001510802362773
0.2001510802362773
0.4013260828620442
0.4013260828620442
0.4013260828620442
0.4013260828620442
0.4013260828620442
0.4013260828620442
0.4013260828620442
0.4013260828620442
-0.0016119920468827262
-0.0016119920468827262
-0.0016119920468827262
-0.0016119920468827262
-0.0016119920468827262
-0.0016119920468827262
-0.0016119920468827262
-0.0016119920468827262
-0.3512768250102926
-0.3512768250102926
-0.3512768250102926
-0.3512768250102926
-0.3512768250102926
-0.3512768250102926
-0.3512768250102926
-0.3512768250102926
-0.07966576685916564
-0.07966576685916564
-0.07966576685916564
-0.07966576685916564
-0.07966576685916564
-0.07966576685916564
-0.07966576685916564
-0.07966576685916564
-0.17684538543413617
-0.17684538543413617
-0.17684538543413617
-0.17684538543413617
-0.17684538543413617
-0.17684538543413617
-0.17684538543413617
-0.17684538543413617
0.5749366660558674
0.5749366660558674
0.5749366660558674
0.5749366660558674
0.5749366660558674
0.5749366660558674
0.5749366660558674
0.5749366660558674
-0.1198371810128343
-0.1198371810128343
-0.1198371810128343
-0.1198371810128343
-0.1198371810128343
-0.1198371810128343
-0.1198371810128343
-0.1198371810128343
0.07841851858538704
0.07841851858538704
0.07841851858538704
0.07841851858538704
0.07841851858538704
0.07841851858538704
0.07841851858538704
0.07841851858538704
-0.5520285995493385
-0.5520285995493385
-0.5520285995493385
-0.5520285995493385
-0.5520285995493385
-0.5520285995493385
-0.5520285995493385
-0.5520285995493385
0.01684917837843974
0.01684917837843974
0.01684917837843974
0.01684917837843974
0.01684917837843974
0.01684917837843974
0.01684917837843974
0.01684917837843974
0.19442732133476737
0.19442732133476737
0.19442732133476737
0.19442732133476737
0.19442732133476737
0.19442732133476737
0.19442732133476737
0.19442732133476737
0.4280447939486386
0.4280447939486386
0.4280447939486386
0.4280447939486386
0.4280447939486386
0.4280447939486386
0.4280447939486386
0.4280447939486386
-0.006374358611478835
-0.006374358611478835
-0.006374358611478835
-0.006374358611478835
-0.006374358611478835
-0.006374358611478835
-0.006374358611478835
-0.006374358611478835
-0.02506055088541686
-0.02506055088541686
-0.02506055088541686
-0.02506055088541686
-0.02506055088541686
-0.02506055088541686
-0.02506055088541686
-0.02506055088541686
-0.02853465743778335
-0.02853465743778335
-0.02853465743778335
-0.02853465743778335
-0.02853465743778335
-0.02853465743778335
-0.02853465743778335
-0.02853465743778335
0.1272120930182856
0.1272120930182856
0.1272120930182856
0.1272120930182856
0.1272120930182856
0.1272120930182856
0.1272120930182856
0.1272120930182856
-0.491236063457199
-0.491236063457199
-0.491236063457199
-0.491236063457199
-0.491236063457199
-0.491236063457199
-0.491236063457199
-0.491236063457199
-0.08731799779445547
-0.08731799779445547
-0.08731799779445547
-0.08731799779445547
-0.08731799779445547
-0.08731799779445547
-0.08731799779445547
-0.08731799779445547
0.003243621254932771
0.003243621254932771
0.003243621254932771
0.003243621254932771
0.003243621254932771
0.003243621254932771
0.003243621254932771
0.003243621254932771
-0.5043018966098173
-0.5043018966098173
-0.5043018966098173
-0.5043018966098173
-0.5043018966098173
-0.5043018966098173
-0.5043018966098173
-0.5043018966098173
0.10474790780369331
0.10474790780369331
0.10474790780369331
0.10474790780369331
0.10474790780369331
0.10474790780369331
0.10474790780369331
0.10474790780369331
0.14839575583099945
0.14839575583099945
0.14839575583099945
0.14839575583099945
0.14839575583099945
0.14839575583099945
0.14839575583099945
0.14839575583099945
0.08261943206952051
0.08261943206952051
0.08261943206952051
0.08261943206952051
0.08261943206952051
0.08261943206952051
0.08261943206952051
0.08261943206952051
-0.014045262606770633
-0.014045262606770633
-0.014045262606770633
-0.014045262606770633
-0.014045262606770633
-0.014045262606770633
-0.014045262606770633
-0.014045262606770633
0.2773733695884421
0.2773733695884421
0.2773733695884421
0.2773733695884421
0.2773733695884421
0.2773733695884421
0.2773733695884421
0.2773733695884421
0.1951176515774923
0.1951176515774923
0.1951176515774923
0.1951176515774923
0.1951176515774923
0.1951176515774923
0.1951176515774923
0.1951176515774923
-0.08549091321765895
-0.08549091321765895
-0.08549091321765895
-0.08549091321765895
-0.08549091321765895
-0.08549091321765895
-0.08549091321765895
-0.08549091321765895
0.21763898066230167
0.21763898066230167
0.21763898066230167
0.21763898066230167
0.21763898066230167
