%% ========================================================================
%% Programmatic octave notes on "Ripples in Mathematics" by A. Jensen
%% and A. la Cour-Harbo written with a deep gratitude to the authors for
%% this wonderful text. 
%% 
%% Reconstruction of graphs in Ex. 4.3, p.33, Ch 04, HWT, D5, 4 scales.
%%
%% Author: Vladimir Kulyukin
%% 
%% NB: I have tested this code in Octave 4.
%% =========================================================================
t = [0:511];

%%y_ex_4_3_chirp_512_p33 = arrayfun(@(x) sin(x*x), t);

y_ex_4_3_chirp_HWT_D5_512_p33 = [
-0.09800005885932442
-0.09800005885932442
-0.09800005885932442
-0.09800005885932442
-0.09800005885932442
-0.09800005885932442
-0.09800005885932442
-0.09800005885932442
0.09800005885932442
0.09800005885932442
0.09800005885932442
0.09800005885932442
0.09800005885932442
0.09800005885932442
0.09800005885932442
0.09800005885932442
0.14135559692277364
0.14135559692277364
0.14135559692277364
0.14135559692277364
0.14135559692277364
0.14135559692277364
0.14135559692277364
0.14135559692277364
-0.14135559692277364
-0.14135559692277364
-0.14135559692277364
-0.14135559692277364
-0.14135559692277364
-0.14135559692277364
-0.14135559692277364
-0.14135559692277364
0.06982863782546196
0.06982863782546196
0.06982863782546196
0.06982863782546196
0.06982863782546196
0.06982863782546196
0.06982863782546196
0.06982863782546196
-0.06982863782546196
-0.06982863782546196
-0.06982863782546196
-0.06982863782546196
-0.06982863782546196
-0.06982863782546196
-0.06982863782546196
-0.06982863782546196
0.017266078044046434
0.017266078044046434
0.017266078044046434
0.017266078044046434
0.017266078044046434
0.017266078044046434
0.017266078044046434
0.017266078044046434
-0.017266078044046434
-0.017266078044046434
-0.017266078044046434
-0.017266078044046434
-0.017266078044046434
-0.017266078044046434
-0.017266078044046434
-0.017266078044046434
-0.261662573157918
-0.261662573157918
-0.261662573157918
-0.261662573157918
-0.261662573157918
-0.261662573157918
-0.261662573157918
-0.261662573157918
0.261662573157918
0.261662573157918
0.261662573157918
0.261662573157918
0.261662573157918
0.261662573157918
0.261662573157918
0.261662573157918
-0.04870318203589021
-0.04870318203589021
-0.04870318203589021
-0.04870318203589021
-0.04870318203589021
-0.04870318203589021
-0.04870318203589021
-0.04870318203589021
0.04870318203589021
0.04870318203589021
0.04870318203589021
0.04870318203589021
0.04870318203589021
0.04870318203589021
0.04870318203589021
0.04870318203589021
-0.20505267076581304
-0.20505267076581304
-0.20505267076581304
-0.20505267076581304
-0.20505267076581304
-0.20505267076581304
-0.20505267076581304
-0.20505267076581304
0.20505267076581304
0.20505267076581304
0.20505267076581304
0.20505267076581304
0.20505267076581304
0.20505267076581304
0.20505267076581304
0.20505267076581304
0.11068665011718497
0.11068665011718497
0.11068665011718497
0.11068665011718497
0.11068665011718497
0.11068665011718497
0.11068665011718497
0.11068665011718497
-0.11068665011718497
-0.11068665011718497
-0.11068665011718497
-0.11068665011718497
-0.11068665011718497
-0.11068665011718497
-0.11068665011718497
-0.11068665011718497
-0.1282714257711563
-0.1282714257711563
-0.1282714257711563
-0.1282714257711563
-0.1282714257711563
-0.1282714257711563
-0.1282714257711563
-0.1282714257711563
0.1282714257711563
0.1282714257711563
0.1282714257711563
0.1282714257711563
0.1282714257711563
0.1282714257711563
0.1282714257711563
0.1282714257711563
0.20146903745446343
0.20146903745446343
0.20146903745446343
0.20146903745446343
0.20146903745446343
0.20146903745446343
0.20146903745446343
0.20146903745446343
-0.20146903745446343
-0.20146903745446343
-0.20146903745446343
-0.20146903745446343
-0.20146903745446343
-0.20146903745446343
-0.20146903745446343
-0.20146903745446343
-0.13580552907556348
-0.13580552907556348
-0.13580552907556348
-0.13580552907556348
-0.13580552907556348
-0.13580552907556348
-0.13580552907556348
-0.13580552907556348
0.13580552907556348
0.13580552907556348
0.13580552907556348
0.13580552907556348
0.13580552907556348
0.13580552907556348
0.13580552907556348
0.13580552907556348
-0.37589102574500177
-0.37589102574500177
-0.37589102574500177
-0.37589102574500177
-0.37589102574500177
-0.37589102574500177
-0.37589102574500177
-0.37589102574500177
0.37589102574500177
0.37589102574500177
0.37589102574500177
0.37589102574500177
0.37589102574500177
0.37589102574500177
0.37589102574500177
0.37589102574500177
-0.09912784979911066
-0.09912784979911066
-0.09912784979911066
-0.09912784979911066
-0.09912784979911066
-0.09912784979911066
-0.09912784979911066
-0.09912784979911066
0.09912784979911066
0.09912784979911066
0.09912784979911066
0.09912784979911066
0.09912784979911066
0.09912784979911066
0.09912784979911066
0.09912784979911066
-0.28443888896388914
-0.28443888896388914
-0.28443888896388914
-0.28443888896388914
-0.28443888896388914
-0.28443888896388914
-0.28443888896388914
-0.28443888896388914
0.28443888896388914
0.28443888896388914
0.28443888896388914
0.28443888896388914
0.28443888896388914
0.28443888896388914
0.28443888896388914
0.28443888896388914
-0.11680873630693561
-0.11680873630693561
-0.11680873630693561
-0.11680873630693561
-0.11680873630693561
-0.11680873630693561
-0.11680873630693561
-0.11680873630693561
0.11680873630693561
0.11680873630693561
0.11680873630693561
0.11680873630693561
0.11680873630693561
0.11680873630693561
0.11680873630693561
0.11680873630693561
0.009343096136969013
0.009343096136969013
0.009343096136969013
0.009343096136969013
0.009343096136969013
0.009343096136969013
0.009343096136969013
0.009343096136969013
-0.009343096136969013
-0.009343096136969013
-0.009343096136969013
-0.009343096136969013
-0.009343096136969013
-0.009343096136969013
-0.009343096136969013
-0.009343096136969013
-0.07787337522803446
-0.07787337522803446
-0.07787337522803446
-0.07787337522803446
-0.07787337522803446
-0.07787337522803446
-0.07787337522803446
-0.07787337522803446
0.07787337522803446
0.07787337522803446
0.07787337522803446
0.07787337522803446
0.07787337522803446
0.07787337522803446
0.07787337522803446
0.07787337522803446
-0.20195903283137176
-0.20195903283137176
-0.20195903283137176
-0.20195903283137176
-0.20195903283137176
-0.20195903283137176
-0.20195903283137176
-0.20195903283137176
0.20195903283137176
0.20195903283137176
0.20195903283137176
0.20195903283137176
0.20195903283137176
0.20195903283137176
0.20195903283137176
0.20195903283137176
0.25377275893237505
0.25377275893237505
0.25377275893237505
0.25377275893237505
0.25377275893237505
0.25377275893237505
0.25377275893237505
0.25377275893237505
-0.25377275893237505
-0.25377275893237505
-0.25377275893237505
-0.25377275893237505
-0.25377275893237505
-0.25377275893237505
-0.25377275893237505
-0.25377275893237505
-0.02182392401365307
-0.02182392401365307
-0.02182392401365307
-0.02182392401365307
-0.02182392401365307
-0.02182392401365307
-0.02182392401365307
-0.02182392401365307
0.02182392401365307
0.02182392401365307
0.02182392401365307
0.02182392401365307
0.02182392401365307
0.02182392401365307
0.02182392401365307
0.02182392401365307
0.048332347338145565
0.048332347338145565
0.048332347338145565
0.048332347338145565
0.048332347338145565
0.048332347338145565
0.048332347338145565
0.048332347338145565
-0.048332347338145565
-0.048332347338145565
-0.048332347338145565
-0.048332347338145565
-0.048332347338145565
-0.048332347338145565
-0.048332347338145565
-0.048332347338145565
0.0411278590054749
0.0411278590054749
0.0411278590054749
0.0411278590054749
0.0411278590054749
0.0411278590054749
0.0411278590054749
0.0411278590054749
-0.0411278590054749
-0.0411278590054749
-0.0411278590054749
-0.0411278590054749
-0.0411278590054749
-0.0411278590054749
-0.0411278590054749
-0.0411278590054749
-0.1515649469399803
-0.1515649469399803
-0.1515649469399803
-0.1515649469399803
-0.1515649469399803
-0.1515649469399803
-0.1515649469399803
-0.1515649469399803
0.1515649469399803
0.1515649469399803
0.1515649469399803
