%% ========================================================================
%% Programmatic octave notes on "Ripples in Mathematics" by A. Jensen
%% and A. la Cour-Harbo written with a deep gratitude to the authors for
%% this wonderful text. 
%% 
%% Reconstruction of graphs in Ex. 4.3, p.33, Ch 04, S5, HWT, 4 scales.
%%
%% Author: Vladimir Kulyukin
%% 
%% NB: I have tested this code in Octave 4.
%% =========================================================================
t = [0:511];

%%y_ex_4_3_chirp_512_p33 = arrayfun(@(x) sin(x*x), t);

y_ex_4_3_chirp_HWT_S5_512_p33 = [
-0.13562489091863822
-0.13562489091863822
-0.13562489091863822
-0.13562489091863822
-0.13562489091863822
-0.13562489091863822
-0.13562489091863822
-0.13562489091863822
-0.13562489091863822
-0.13562489091863822
-0.13562489091863822
-0.13562489091863822
-0.13562489091863822
-0.13562489091863822
-0.13562489091863822
-0.13562489091863822
-0.13484079091362658
-0.13484079091362658
-0.13484079091362658
-0.13484079091362658
-0.13484079091362658
-0.13484079091362658
-0.13484079091362658
-0.13484079091362658
-0.13484079091362658
-0.13484079091362658
-0.13484079091362658
-0.13484079091362658
-0.13484079091362658
-0.13484079091362658
-0.13484079091362658
-0.13484079091362658
-0.033089357574808534
-0.033089357574808534
-0.033089357574808534
-0.033089357574808534
-0.033089357574808534
-0.033089357574808534
-0.033089357574808534
-0.033089357574808534
-0.033089357574808534
-0.033089357574808534
-0.033089357574808534
-0.033089357574808534
-0.033089357574808534
-0.033089357574808534
-0.033089357574808534
-0.033089357574808534
0.10991761813546604
0.10991761813546604
0.10991761813546604
0.10991761813546604
0.10991761813546604
0.10991761813546604
0.10991761813546604
0.10991761813546604
0.10991761813546604
0.10991761813546604
0.10991761813546604
0.10991761813546604
0.10991761813546604
0.10991761813546604
0.10991761813546604
0.10991761813546604
0.25108688095750764
0.25108688095750764
0.25108688095750764
0.25108688095750764
0.25108688095750764
0.25108688095750764
0.25108688095750764
0.25108688095750764
0.25108688095750764
0.25108688095750764
0.25108688095750764
0.25108688095750764
0.25108688095750764
0.25108688095750764
0.25108688095750764
0.25108688095750764
0.17106717279580458
0.17106717279580458
0.17106717279580458
0.17106717279580458
0.17106717279580458
0.17106717279580458
0.17106717279580458
0.17106717279580458
0.17106717279580458
0.17106717279580458
0.17106717279580458
0.17106717279580458
0.17106717279580458
0.17106717279580458
0.17106717279580458
0.17106717279580458
-0.16706448135823623
-0.16706448135823623
-0.16706448135823623
-0.16706448135823623
-0.16706448135823623
-0.16706448135823623
-0.16706448135823623
-0.16706448135823623
-0.16706448135823623
-0.16706448135823623
-0.16706448135823623
-0.16706448135823623
-0.16706448135823623
-0.16706448135823623
-0.16706448135823623
-0.16706448135823623
-0.20549903061880534
-0.20549903061880534
-0.20549903061880534
-0.20549903061880534
-0.20549903061880534
-0.20549903061880534
-0.20549903061880534
-0.20549903061880534
-0.20549903061880534
-0.20549903061880534
-0.20549903061880534
-0.20549903061880534
-0.20549903061880534
-0.20549903061880534
-0.20549903061880534
-0.20549903061880534
0.07187965446512101
0.07187965446512101
0.07187965446512101
0.07187965446512101
0.07187965446512101
0.07187965446512101
0.07187965446512101
0.07187965446512101
0.07187965446512101
0.07187965446512101
0.07187965446512101
0.07187965446512101
0.07187965446512101
0.07187965446512101
0.07187965446512101
0.07187965446512101
0.19985704540758073
0.19985704540758073
0.19985704540758073
0.19985704540758073
0.19985704540758073
0.19985704540758073
0.19985704540758073
0.19985704540758073
0.19985704540758073
0.19985704540758073
0.19985704540758073
0.19985704540758073
0.19985704540758073
0.19985704540758073
0.19985704540758073
0.19985704540758073
-0.2154712959347291
-0.2154712959347291
-0.2154712959347291
-0.2154712959347291
-0.2154712959347291
-0.2154712959347291
-0.2154712959347291
-0.2154712959347291
-0.2154712959347291
-0.2154712959347291
-0.2154712959347291
-0.2154712959347291
-0.2154712959347291
-0.2154712959347291
-0.2154712959347291
-0.2154712959347291
0.19904564031086555
0.19904564031086555
0.19904564031086555
0.19904564031086555
0.19904564031086555
0.19904564031086555
0.19904564031086555
0.19904564031086555
0.19904564031086555
0.19904564031086555
0.19904564031086555
0.19904564031086555
0.19904564031086555
0.19904564031086555
0.19904564031086555
0.19904564031086555
-0.02070933121372363
-0.02070933121372363
-0.02070933121372363
-0.02070933121372363
-0.02070933121372363
-0.02070933121372363
-0.02070933121372363
-0.02070933121372363
-0.02070933121372363
-0.02070933121372363
-0.02070933121372363
-0.02070933121372363
-0.02070933121372363
-0.02070933121372363
-0.02070933121372363
-0.02070933121372363
-0.26758971058544934
-0.26758971058544934
-0.26758971058544934
-0.26758971058544934
-0.26758971058544934
-0.26758971058544934
-0.26758971058544934
-0.26758971058544934
-0.26758971058544934
-0.26758971058544934
-0.26758971058544934
-0.26758971058544934
-0.26758971058544934
-0.26758971058544934
-0.26758971058544934
-0.26758971058544934
0.3112360576417029
0.3112360576417029
0.3112360576417029
0.3112360576417029
0.3112360576417029
0.3112360576417029
0.3112360576417029
0.3112360576417029
0.3112360576417029
0.3112360576417029
0.3112360576417029
0.3112360576417029
0.3112360576417029
0.3112360576417029
0.3112360576417029
0.3112360576417029
-0.015717454748447848
-0.015717454748447848
-0.015717454748447848
-0.015717454748447848
-0.015717454748447848
-0.015717454748447848
-0.015717454748447848
-0.015717454748447848
-0.015717454748447848
-0.015717454748447848
-0.015717454748447848
-0.015717454748447848
-0.015717454748447848
-0.015717454748447848
-0.015717454748447848
-0.015717454748447848
0.049338717790251105
0.049338717790251105
0.049338717790251105
0.049338717790251105
0.049338717790251105
0.049338717790251105
0.049338717790251105
0.049338717790251105
0.049338717790251105
0.049338717790251105
0.049338717790251105
0.049338717790251105
0.049338717790251105
0.049338717790251105
0.049338717790251105
0.049338717790251105
-0.2892770306258272
-0.2892770306258272
-0.2892770306258272
-0.2892770306258272
-0.2892770306258272
-0.2892770306258272
-0.2892770306258272
-0.2892770306258272
-0.2892770306258272
-0.2892770306258272
-0.2892770306258272
-0.2892770306258272
-0.2892770306258272
-0.2892770306258272
-0.2892770306258272
-0.2892770306258272
-0.2505291376774423
-0.2505291376774423
-0.2505291376774423
-0.2505291376774423
-0.2505291376774423
-0.2505291376774423
-0.2505291376774423
-0.2505291376774423
-0.2505291376774423
-0.2505291376774423
-0.2505291376774423
-0.2505291376774423
-0.2505291376774423
-0.2505291376774423
-0.2505291376774423
-0.2505291376774423
0.12657183181734638
0.12657183181734638
0.12657183181734638
0.12657183181734638
0.12657183181734638
0.12657183181734638
0.12657183181734638
0.12657183181734638
0.12657183181734638
0.12657183181734638
0.12657183181734638
0.12657183181734638
0.12657183181734638
0.12657183181734638
0.12657183181734638
0.12657183181734638
0.034287084731374935
0.034287084731374935
0.034287084731374935
0.034287084731374935
0.034287084731374935
0.034287084731374935
0.034287084731374935
0.034287084731374935
0.034287084731374935
0.034287084731374935
0.034287084731374935
0.034287084731374935
0.034287084731374935
0.034287084731374935
0.034287084731374935
0.034287084731374935
0.23624551058296725
0.23624551058296725
0.23624551058296725
0.23624551058296725
0.23624551058296725
0.23624551058296725
0.23624551058296725
0.23624551058296725
0.23624551058296725
0.23624551058296725
0.23624551058296725
0.23624551058296725
0.23624551058296725
0.23624551058296725
0.23624551058296725
0.23624551058296725
0.06607403372232135
0.06607403372232135
0.06607403372232135
0.06607403372232135
0.06607403372232135
0.06607403372232135
0.06607403372232135
0.06607403372232135
0.06607403372232135
0.06607403372232135
