%% ========================================================================
%% Programmatic octave notes on "Ripples in Mathematics" by A. Jensen
%% and A. la Cour-Harbo written with a deep gratitude to the authors for
%% this wonderful text. 
%% 
%% Reconstruction of graphs in Ex. 4.3, p.33, Ch 04, CDF44, D5, 4 scales.
%%
%% Author: Vladimir Kulyukin
%% 
%% NB: I have tested this code in Octave 4.
%% =========================================================================
t = [0:511];

%%y_ex_4_3_chirp_512_p33 = arrayfun(@(x) sin(x*x), t);

y_ex_4_3_chirp_CDF44_D5_512_p33 = [
0.24039126924803456
0.09263104014324426
0.029918628261295276
-0.05558227756354377
-0.056035366165541486
-0.07927694871042924
-0.12530702519820708
-0.16523094313726597
-0.08966688586649223
-0.04504773828869864
-0.03137350040388523
-0.009407598956983752
-0.01838660720306247
-0.01907395188705312
-0.011469633008955715
-0.006087058686230367
0.04091234733598048
0.07676055691277223
0.1014575700441449
0.12914253725770838
0.14567630802585285
0.16519803287618812
0.18770771180871423
0.20941677085789598
0.09587628293307396
0.018575801896611392
-0.02248467225149163
-0.07325562697902892
-0.08778657481820665
-0.11202800323681864
-0.1459799122348649
-0.1773299058035336
-0.10787784265216621
-0.06543560919432868
-0.05000320543002106
-0.027333539611629938
-0.03167370348676876
-0.028776605307824075
-0.018642245074795886
-0.010447103364571773
-0.04739107141277397
-0.07224005145414601
-0.08499404348868794
-0.1009888777921241
-0.10488872408873014
-0.11202941265423039
-0.12241094348862493
-0.13192409325427257
0.040446693791726475
0.16408182685285144
0.23898130592910233
0.32693946413320285
0.36616196835242926
0.4184431516995053
0.48378301417443104
0.5456238141228321
0.2812329240648642
0.10425555188954319
0.014691697596869155
-0.09829453822002364
-0.12386725615426947
-0.172862355612734
-0.24527983659541733
-0.3114213093638726
-0.22736692398178865
-0.18355739749764113
-0.17999272991143006
-0.16564448488401234
-0.1915410987545312
-0.2066541351838434
-0.21098359417194912
-0.21820250402694452
-0.08557258615175041
0.009584951270700227
0.06727010824040738
0.13499595929089891
0.165249429888647
0.20554359456717944
0.2558784533264963
0.30352291621541894
0.12429227638928234
0.005852637118373832
-0.05179600159730649
-0.1257335398188401
-0.13888007748514564
-0.16831551465730443
-0.21403985133531653
-0.2553995905451435
-0.08994274938889259
0.020097756076901396
0.07472192585223843
0.14419485802332538
0.1582514545039554
0.1871568133803353
0.2309109346524652
0.2706863420320522
0.0839160308473813
-0.04215153799926831
-0.10751636450789659
-0.18914644180435217
-0.21007377676278652
-0.2472663625090481
-0.3007241990431371
-0.34982377476393794
-0.15609473037149452
-0.02743141863755874
0.03616616043786934
0.11719805003408386
0.1331642069717907
0.166564674430284
0.2173994524095637
0.26356272096420524
0.139778552313429
0.06153166221758333
0.028822050676668327
-0.016089237878551432
-0.01546324787884052
-0.027038934893434362
-0.05081629892233296
-0.07132423344894319
-0.011095583754909223
0.027499763397555815
0.04446180800845191
0.06722047856497955
0.06834584657993825
0.07526784054052849
0.0879864604467503
0.09915187911201483
0.003874253306999975
-0.06288204469229344
-0.10111701488586541
-0.14699425183204373
-0.16435016097250071
-0.18934833686556396
-0.2219887795112337
-0.25258148295219923
-0.12285906018042583
-0.03609294601184932
0.007716859553530242
0.06303677331895852
0.07540037848118988
0.09927409184346996
0.1346579134057987
0.16695761077112956
0.12644037121409613
0.10543437110071818
0.10393961043099574
0.09721682890901553
0.11000528683069088
0.11756572390010844
0.11989814011726824
0.12363140029980355
0.11073208794598396
0.10228945997133271
0.09830351637584989
0.09312340780004844
0.0923999836034154
0.09048239442646377
0.08737064026919358
0.08457886165402928
-0.0672885135601066
-0.17921120305436022
-0.2511892068287316
-0.33387035688366035
-0.3766068212187069
-0.4300464318343109
-0.49418918873047235
-0.5554640462242862
-0.2289136989275466
-0.006280802058870508
0.11243464438174199
0.2589946877440553
0.3016372806783051
0.3721244705342557
0.4704562573119071
0.5613271068308185
0.23187317231012644
0.015044924231632006
-0.08915763740466451
-0.22353816077014876
-0.24529299769343518
-0.2972257963459093
-0.37933655672757116
-0.45336115663467974
-0.19744000034089998
-0.029927542967224358
0.04917621548634715
0.15196901341944682
0.16635311243244236
0.20442625092496602
0.2661884288970179
0.3216031478710611
0.16684633183261777
0.06840480887277957
0.026278578991546623
-0.030937288191620595
-0.03183786229618257
-0.04782807370267882
-0.07890792241110933
-0.10594451499040798
-0.016234040831477455
0.04219415107624218
0.06934006073275091
0.10486803265587404
0.10911372232778628
0.1217414742663129
0.14275128847145394
0.16151513586134822
0.010210639792539819
-0.0955241809884104
-0.1556893264815024
-0.22806482966732447
-0.2548706575652885
-0.29388684315598246
-0.3451133864394065
-0.3930681742397683
-0.19177259253623347
-0.05726344605442661
0.01045926520565215
0.09607734784874643
0.11490899527011265
0.15163601407449437
0.20625840426189163
0.2560857441389548
0.17724640002808612
0.13288318998457418
0.12299611400841913
0.10387118575076863
0.11922239156047504
0.125335745088686
0.12221124633540162
0.1215620226407419
0.09450409481584196
0.07452235793579232
0.06161681200059302
0.04681520641623263
0.039089791776722616
0.029468317488051503
0.01795078355021932
0.006941297264181084
-0.07612630615207314
-0.13988599527517873
-0.18433777010513572
-0.23396308497747115
-0.264280485556658
-0.2997714261782233
-0.3404359068421672
-0.3797141416297455
-0.1650375118770879
-0.018407882991941654
0.06017474502569322
0.15699051197313765
0.1857592780530707
0.23276118306281324
0.29799622700236544
0.3583457160901906
0.18054841524258686
0.06656235443824543
0.01638753367716649
-0.050885457321533156
-0.05434720827697039
-0.0749071294700283
-0.11256522090070692
-0.14564187142416518
-0.020877896876046412
0.06159280965131967
0.10177024815793306
0.15328013367598012
0.16249675117327458
0.18304581568200268
0.21492732720216448
0.24377231869734406
0.012619937584167254
-0.14886635750438676
-0.24068656656831802
-0.3511737471223839
-0.39199484165182724
-0.45148290767140514
-0.529637945181118
-0.6027911827549142
-0.30890310371455376
-0.11336344904981253
-0.016172218760690693
0.10737139241675171
0.13256657921857476
0.1841141469087183
0.26201409548718246
0.3328529448879837
0.2523053643032551
0.21232165537817993
0.21290181811275816
0.20261292419425256
0.2328879019354004
0.25229382302346437
0.2608306874584445
0.27227990684610653
0.12902191480531078
0.027217595130041204
-0.03313305217970212
-0.10459117752309255
-0.13459563050095674
-0.175707561512468
-0.22792697055762642
-0.2771701398337226
-0.14829234299510458
-0.06714191518197553
-0.0337188563943356
0.01249271238054633
0.010976912129939202
0.02224962186657404
0.046310841590450846
0.06694539039084882
0.016152422891679962
-0.015501599297659114
-0.028016676177168402
-0.04566001799643
-0.044164414505861824
-0.047797075955045946
-0.056558002343982394
-0.06394481428373935
-0.007614684693408319
0.03164254186975458
0.05382686540574933
0.08058585952032864
0.09027195060773983
0.10453271227373556
0.1233681445183159
0.14097779747572606
0.0600749435437403
0.00556843627713359
-0.022541724324094077
-0.057724764697442005
-0.06651145840541092
-0.08237103188550007
-0.1053034851377095
-0.12634076596681684
-0.050809463867141934
-0.001153635577452107
0.02262671890225259
0.05334038569311546
0.05817857867399322
0.06995008396602913
0.08865490156922323
0.10550194373776972
0.05873477448182414
0.029012981804213897
0.016336565704939007
-9.071452831852199E-4
-0.0011054796929740782
-0.005871108991612271
-0.015204033179099796
-0.023313154389525345
-0.03806387418334847
-0.05103498300029853
-0.06222648084037552
-0.0738948240045472
-0.08378355619184583
-0.09414913370323912
-0.10499155653872713
-0.11570620905470938
-0.05079039639590163
-0.006139705803868998
0.0182458627213885
