%% ========================================================================
%% Programmatic octave notes on "Ripples in Mathematics" by A. Jensen
%% and A. la Cour-Harbo written with a deep gratitude to the authors for
%% this wonderful text. 
%% 
%% Reconstruction of graphs in ex 4.3, p.33, CDF44, 3 scales, D7.
%%
%% Author: Vladimir Kulyukin
%% 
%% NB: I have tested this code in Octave 4.
%% =========================================================================
t = [0:511];

%%y_ex_4_3_chirp_512_p33 = arrayfun(@(x) sin(x*x), t);

y_ex_4_3_chirp_CDF44_D7_512_p33 = [
0.037534617191190264
0.3527158778790784
-0.03843573349200413
-0.24032602220732993
0.02063990845644801
0.15758388892587255
0.031411647658639484
-0.024258814478727977
-0.10224274009570178
-0.17424779119297368
0.03493936901783765
0.16878130329072646
-0.01393592679720023
-0.11183138443797537
0.037906835015288104
0.12129181067245452
-0.06483657487274017
-0.1787490729343647
0.0014527461810132716
0.10284687152638235
0.07238573557563008
0.07725511040696817
0.05407278979466561
0.03840689832281036
-0.11221307002610797
-0.2266722024605296
0.11010252716417124
0.3259695078525536
-0.22981533253791456
-0.5788366906322996
-0.05730371313414806
0.23096493317457073
0.3160154279416267
0.45551806230161657
0.010724803169471081
-0.27750684316063545
-0.11716312165646259
-0.07701480770797867
0.13398932880696154
0.2992127856430645
-0.36835863525229573
-0.8127833411987347
-0.1549033316431786
0.2076150195805995
0.5757983355806686
0.9424637288437795
-0.1139848603100404
-0.7891112071378047
-0.05559933317218732
0.30046906710423
-0.07747379884368555
-0.25873893877144527
0.09367957601740542
0.3030979865112502
-0.0760607223017196
-0.2975106673129919
0.03131094545455046
0.21268773869744353
-0.1589926366835366
-0.38248179036350666
0.3136492966131661
0.7633688827625766
-0.05645481274556344
-0.5361054111772054
0.008852027533667886
0.2792665701337665
0.20488236555940978
0.22288670684171116
-0.5503807195512105
-1.111627514802009
0.05522902419909487
0.759041670349871
0.2538486461158158
0.07260771490602413
0.11232730945557837
0.09284070956875956
-0.3073618244774992
-0.6055518314200755
0.05095832185640847
0.4516573381883318
0.08706259283483392
-0.07247230710247934
0.060078692351680806
0.1143655109433775
-0.10438454251686502
-0.24997458660687064
0.0862881339005088
0.293438795263315
-0.11518036065322507
-0.35880449130630426
0.054984993979018446
0.2926210317804221
-0.018815901048186187
-0.18312917481072521
0.03613313947995026
0.15261668471547393
-0.02424439837676297
-0.12250402520456857
0.042267355626200626
0.13655979037051025
-0.007657423130307955
-0.08796616899681303
0.14209453716591344
0.2889919993021173
-0.3043732686938004
-0.6993857359639578
0.057026256067364195
0.5049149940834127
-0.024456326050992544
-0.2919716028087917
-0.1998583785379661
-0.20410732069297557
0.5546814871851145
1.1090149461473746
-0.029759748314351964
-0.7148674803675719
-0.3151470980682344
-0.2061055329362421
-0.10833890190960116
-0.007551161394717197
0.3501479511233428
0.6390078689867799
-0.023405727367073526
-0.4309263538052879
-0.10872678647113383
0.01794484424103175
0.07271161457223117
0.1467452341743831
-0.24960930325028846
-0.5199237138704584
-0.17566748893526515
0.003915030510986808
0.5435464292617872
0.986703021567203
-0.10927870884755386
-0.7928495686496477
-0.09606485756655755
0.2308546930300463
-0.12734970412035676
-0.3019756927567266
0.23176503376889324
0.5756994710217708
-0.09288841720639562
-0.4901717660034339
0.015367007993047022
0.2789953232780526
-0.10178380872572455
-0.30989448563187105
0.1696486900800684
0.46493557131084146
-0.03141094395125424
-0.31563992992157897
-0.10627341849271904
-0.029165421979608926
-0.11070035914774766
-0.14972705035109157
0.23131997100504986
0.49980858031933356
-0.14197043110712373
-0.5398439686599
0.16779000567436197
0.5792041349719522
-0.0740196604198185
-0.4419745836595285
0.002404911060261
0.22912005450379652
-0.04495772151386308
-0.18484843918667118
0.00540477631798722
0.10719619154170894
-0.11263608243627583
-0.2462895486259449
0.20542134599143053
0.500284332852598
-0.10458662501931085
-0.46837459899712347
0.08462582976257146
0.3919735463785324
-0.06066536574338188
-0.309666474436531
-0.003138771564198284
0.15453543487694224
-0.10717484683684299
-0.2565113936313761
0.19244359901486652
0.4810868568295801
-0.08122362788377116
-0.41552174449048596
0.006904985831487673
0.22656790452635428
-0.11807119424979001
-0.3115060231573237
0.2183432245186641
0.5543890879758069
-0.043059701773288356
-0.3903793530570012
-0.11135425318965075
-1.5772357670017223E-4
-0.12393612256471828
-0.18475317919254608
0.25878671450989965
0.5671845706743246
-0.1401102478901316
-0.5752510345027771
0.1302561234488239
0.5301275858062151
-0.10288861075874195
-0.4591433932433828
0.09785327125594664
0.41014494804936696
-0.029442807388570913
-0.26756507615454533
-0.03614227947081716
0.06946629611564456
0.0038141435718828335
-0.015948835174219474
-0.10782607705659351
-0.18038036036883803
-0.19067502536464453
-0.21765210480941044
0.48563050136187713
0.9932406145073376
-0.0982909373703133
-0.7613337715220606
-0.12218021276225394
0.16805087413018094
-0.13891301303037137
-0.2858589891695005
0.2888348846573993
0.6701659434597851
-0.07115473718434326
-0.511661790862383
0.010261162471922297
0.27430177265579
0.07182739533165701
-0.0056446678326919145
-0.22280084889386562
-0.40252878336913134
0.04801199265115848
0.3296727766795591
-0.07723914274514053
-0.299648562349467
-0.18537909464840047
-0.16132246290942293
0.5645999424353211
1.1024579805473549
0.05095257495687225
-0.574684179413973
-0.47457193016424726
-0.5689235403423454
-0.019425921635301463
0.3575528161445676
0.25810965905112515
0.2863233639454917
0.02122928834602532
-0.16527320433635356
-0.08810568669168199
-0.08158833538244933
0.149265715404881
0.3200089287343916
-0.28881547115780215
-0.6887553586417824
0.10933102651594187
0.5864072394080534
-0.041666724134522465
-0.373616590386311
0.057371505335425774
0.28393099027130986
0.022748872241279347
-0.10774327715897308
0.1548282337978854
0.3120786543880349
-0.3218824886136446
-0.7438391321087275
0.08674709647894327
0.5817154740066812
-0.013513409817956124
-0.31662481787260294
-0.04247160771050551
0.07700401418135497
0.16441262495126868
0.26041356545498784
-0.03946778550769897
-0.23327279617417998
0.09664585272409885
0.28623316998492804
0.18277270862367379
0.15783416288794117
-0.5682950830520739
-1.106540847132138
-0.07441277716574965
0.5369348921529259
0.516533271344459
0.6654083626444949
-0.019401919206811502
-0.4808268785805765
-0.18677118946802315
-0.0951459300147196
-0.012982482566998913
0.0717162497665528
0.05273299734296079
0.061531249004701395
-0.06079533974989637
-0.1479871334072764
0.038638887231750636
0.15189564565680025
-0.19817062879191352
-0.4240898707473638
0.4112522631973894
0.9622302685113409
-0.08493720172525898
-0.703882882400636
-0.12435707339652073
0.13403926779625006
-0.10957407802543209
-0.2186743336189909
0.24002744874553333
0.5465871335784436
-0.037000401673882466
-0.38207370815956065
-0.007038444658454546
0.17504430905196208
0.14061098776022102
0.16419297391366444
-0.35433309395729273
-0.7276017465420042
0.07665850499900376
0.5654008376152203
0.0982972071017758
-0.11268826950252742
0.14684705949462237
0.28030671860882156
-0.30467355386638056
-0.6971484268619315
0.10126422234179266
0.5805795216959203
0.008268737797221204
-0.28225968635437837
0.11395754280585714
0.3261618287556027
-0.2204778550566157
-0.5637859099898885
-0.008515975628976186
0.3059807121641772
0.11206900278392024
0.05438491285148001
-0.16086321935657352
-0.3338921936806931
0.32544550348558254
0.7617512232194251
-0.09900844950803794
-0.6122204977951369
-0.002240999487068157
0.30678023096536167
-0.04846863992042912
-0.22572687359650367
-0.028193238206552434
0.06891521853740613
-0.16641432376743004
-0.3126673726937233
0.3658052656008831
0.8232933220274467
-0.07527196365266059
-0.6104838514217604
0.0026289502801512543
0.30804907878958565
0.13574124329396178
