%% ========================================================================
%% Programmatic octave notes on "Ripples in Mathematics" by A. Jensen
%% and A. la Cour-Harbo written with a deep gratitude to the authors for
%% this wonderful text. 
%% 
%% Reconstruction of graphs in Ex. 4.3, p.33, Ch 04, D6, CDF44, 4 scales.
%%
%% Author: Vladimir Kulyukin
%% 
%% NB: I have tested this code in Octave 4.
%% =========================================================================
t = [0:511];

%%y_ex_4_3_chirp_512_p33 = arrayfun(@(x) sin(x*x), t);

y_ex_4_3_chirp_CDF44_D6_512_p33 = [
-0.01333914165677716
0.16156594522723478
0.24116248834027187
0.34629687878852794
0.027139272805819806
-0.1783296353782227
-0.27010984576359953
-0.39235285091267474
0.015987118441577658
0.28215780825996045
0.4061592185424737
0.5682547724651377
0.18469618245925534
-0.05265482033427744
-0.14379823591546065
-0.2741178564174958
-0.20911638908992203
-0.1964510495110603
-0.2361218376809107
-0.26176920268552156
-0.03496836106962894
0.12418918745161459
0.21570344287820897
0.3253426640628963
0.0218723489525669
-0.17090559952191725
-0.25299118136055604
-0.36473669344755927
-0.1392951465737254
-0.004202599846673143
0.04054094673359744
0.10949343494015754
0.15769735389197095
0.21146083521969491
0.27078387892332956
0.3286172423780684
0.04954638164338071
-0.1392512642931162
-0.23777569543142243
-0.36048876157306503
-0.034960867122211
0.1704612239233329
0.2557775115635666
0.3732760522325443
0.1357695012364485
-0.006613722139054229
-0.05387361789396378
-0.12662173246617234
-0.1954005922098082
-0.2652430105793134
-0.33614898757468803
-0.4067699848951577
-0.1737329738834993
-0.022060880979677677
0.04824629381630703
0.14035513271151107
0.22129106140772808
0.305220762368869
0.3921442355949341
0.4782655299602899
0.07977972676768978
-0.1888559959878658
-0.3276416383063768
-0.50122050481511
-0.10361493488102513
0.14094222657898076
0.2324509795649076
0.3649689300043324
0.056496160987095735
-0.1338135008821087
-0.20596005560328093
-0.30976831945992056
-0.06165501356289714
0.09216119191953925
0.15168029698738864
0.23646623395992306
0.003694572403087945
-0.14398778707743592
-0.2065808444816486
-0.29197351166173663
0.03800043264238702
0.2566772288364642
0.36405687692049515
0.5012585059604999
0.1540739765271471
-0.06331967291845576
-0.1509224423763086
-0.2733025733118038
-0.16633676740486747
-0.12082402006221991
-0.13676433128386115
-0.13623834509077867
0.00806826774416157
0.11384897778317526
0.1811037850262624
0.25868157681119797
-0.05249916982567142
-0.2595123800417145
-0.36235805383693154
-0.4931153348936484
-0.21426159815433182
-0.04516280284435259
0.014181051036289243
0.10293365283824718
0.26114821327929666
0.4007504979983174
0.5217405069953096
0.6477176602413247
0.1205438773467536
-0.23161863967331564
-0.408769890818883
-0.6328152693218716
-0.1436540133596402
0.15440410086111658
0.26135907334039876
0.4195199783203593
0.08695784605740721
-0.11411544466895873
-0.18369989385873847
-0.28851667195195035
-0.10305918593817501
0.004619545424594723
0.034519522136358796
0.08526025334515824
-0.043522357300727524
-0.12420183347411402
-0.15677817517500126
-0.2022437129112003
0.08850216315006244
0.2891604623981692
0.3997311848331202
0.5344408007232329
0.14188791699910286
-0.10938540575417574
-0.21937916753660286
-0.36722867358819317
-0.1918814719141649
-0.1031345670716137
-0.10098795906053962
-0.07563687144917572
-0.07780930601134783
-0.07260683503426085
-0.06002945851791483
-0.04942818198506907
0.15646304688110801
0.3100264907296565
0.4112621495605765
0.5265189961286794
0.19898365967079268
-0.009905868930466258
-0.10014958967509742
-0.2221843588202501
-0.2628670734672361
-0.3253480054196185
-0.40962715467739735
-0.488065489211757
-0.12697497969904964
0.11634413100106131
0.24189184288857576
0.39899630597940905
0.18864082204018395
0.0767459341584461
0.06331164233419552
0.02349491331005424
0.06412592204700646
0.08320102441796293
0.08072022042292366
0.08401530413077384
-0.11229593000933875
-0.2551228124779397
-0.344465343275029
-0.44813896291020194
-0.11305277684026407
0.10446807361975305
0.20442358846984945
0.33588064005451795
0.12545190320208666
0.006631187265053892
-0.020581507756580304
-0.07234049800270895
-0.037261750762525615
-0.025451105154345406
-0.036908561178168306
-0.04213134816029068
0.04423696801524646
0.10606352206581307
0.14334831399140918
0.18720905125922782
0.05996017490421899
-0.021440018663351802
-0.05699152944348454
-0.10482815775054201
-0.10417907446395963
-0.11652169844334133
-0.14185602968868716
-0.16370924346381632
-0.10812555624639951
-0.07329102411430416
-0.059205647067530336
-0.03956055067201647
0.16661626831640994
0.3228120628732792
0.4290268329985914
0.5486339782572194
0.15996965425848525
-0.09250374001695853
-0.2087862045691119
-0.36156091875706464
-0.23864615932942834
-0.18960217171885035
-0.2144289559253308
-0.21946212647916669
-0.14606070360611373
-0.09367576670045906
-0.06230731576220272
-0.02530751438124196
0.20881047071984235
0.39011079767962986
0.5185934664981207
0.6612285841616748
0.13872842146548187
-0.20554928000086853
-0.3716045202373763
-0.5854143250335073
-0.15480442717974113
0.10313373176228087
0.18840015179255867
0.31993382481991595
0.08713060599115531
-0.048048836891893265
-0.08560450382922977
-0.14931838269329667
-0.06113326528270023
-0.013649361254997938
-0.0068666706101898085
0.010821877291531614
0.058814732821865286
0.09868757359592797
0.1304403996137197
0.16436897702798303
-0.06325749247687033
-0.22080049838346194
-0.30826004069179186
-0.4144983904740519
-0.05586881657218676
0.1781997725913843
0.2877073770166612
0.4305909967109894
0.022398270191925
-0.23813399439136707
-0.3510057970388868
-0.5034431012161031
-0.1794054752423753
0.016961077983731518
0.08565655846221723
0.18856139978024308
0.20716160653341
0.24835117203643173
0.3121300962893084
0.3698562201076244
0.0673107527720353
-0.1387002326579893
-0.24817673618244945
-0.38351957617526233
-0.07465640252409157
0.11518212849812555
0.18599601689138895
0.2887024621564834
0.08504448043366328
-0.036523400488121506
-0.07600118060887091
-0.13747493694584717
-0.0673323234357325
-0.032456209936861775
-0.03284659644923507
-0.02378735276372335
0.05212882214559035
0.11013073632506319
0.1502183897746952
0.19510615491988859
-0.07300175463701575
-0.2572427259230586
-0.35761675893824
-0.4804628703347695
-0.11110796693502312
0.1263620720362821
0.23194724657914606
0.3728708640394989
0.13699259667460978
0.002078090055169124
-0.03187265581882302
-0.09287655984936717
0.0072380275125318964
0.06418104522010501
0.07795249327335217
0.10329172855145993
-0.07718359095851977
-0.20251106672246036
-0.2726906987403619
-0.3576471509543323
-0.19185225245444124
-0.09324597587934252
-0.061828321229036254
-0.012407529593421816
0.2385821663195026
0.4355616371120955
0.5785308827843569
0.7359721246606342
0.13060544128433615
-0.2703674745404741
-0.4669466228137966
-0.7182929160404948
-0.11897442668473293
0.25240912114846226
0.39585772745909065
0.6003813172775259
0.19818791568024385
-0.041436158032956326
-0.1184909038620747
-0.23910596981180313
-0.24000303346745677
-0.27297843915727504
-0.3380321868812579
-0.394490568762657
-0.12651230937903743
0.05453341398255457
0.14864660132211896
0.266053291484775
0.1513089701081664
0.09876932479557196
0.1084343555469918
0.10143169358161938
-0.020593400973311568
-0.11179832760440706
-0.17218308631166712
-0.2408260841247104
0.0467861791331588
0.23894013288773822
0.3356357771390278
0.457909398332564
0.15360202345066165
-0.036403318026363096
-0.11210662609851013
-0.21843707171472931
-0.16844290998031042
-0.16033580054260727
-0.19411574340162
-0.21667208442440744
-0.005817127721357493
0.14249546025175397
0.22826567949492696
0.33079407593201643
-0.009895004995978021
-0.23182432079263884
-0.334993871457966
-0.46998500528354364
-0.13904711113840904
0.06704547623175532
0.14829275682694928
0.2629922365513123
0.1480588584044381
0.09465541907981266
0.10278191857743604
0.09442152065730146
-0.00987947427337205
