%% ========================================================================
%% Programmatic octave notes on "Ripples in Mathematics" by A. Jensen
%% and A. la Cour-Harbo written with a deep gratitude to the authors for
%% this wonderful text. 
%% 
%% Reconstruction of graphs in ex 4.3, p.34, CDF44, 4 scales, D8.
%%
%% Author: Vladimir Kulyukin
%% 
%% NB: I have tested this code in Octave 4.
%% =========================================================================
t = (1.0/512)*[0:511];

%%y_ex_4_3_chirp_512_p33 = arrayfun(@(x) sin(x*x), t);

y_ex_4_4_512_with_noise_cdf44_d8_p34 = [
-3.695123066562547E-6
-2.704461290505114E-6
9.109092317095778E-6
-1.5494888916617585E-5
2.189136309977713E-5
-2.824798799829856E-5
3.4620895671300586E-5
-4.093303520265283E-5
4.726702347268244E-5
-5.351947113988676E-5
5.979928087446638E-5
-6.597697398340125E-5
7.218747657075515E-5
-7.827553251767929E-5
8.440176631320183E-5
-9.038551843803134E-5
9.641272480781992E-5
-1.0227775772761665E-4
1.081914166036841E-4
-1.1392360094038253E-4
1.1970946580045549E-4
-1.252949922199177E-4
1.3093912440877392E-4
-1.3636453688863483E-4
1.418533391974756E-4
-1.4710556744388015E-4
1.524258168672143E-4
-1.5749220780225654E-4
1.6263108739320438E-4
-1.6749943563734005E-4
1.7244456538482845E-4
-1.7710314266072274E-4
1.8184260931403026E-4
-1.8628019270103892E-4
1.9080257846998042E-4
-1.950084774409456E-4
1.993028875019416E-4
-2.0326696967790908E-4
2.0732305842103592E-4
-2.110357739808938E-4
2.148437699332266E-4
-2.1829617461987762E-4
2.2184690398546693E-4
-2.2503068065362022E-4
2.2831558941436192E-4
-2.3122306806728772E-4
2.3423424259047046E-4
-2.3685841885731916E-4
2.3958860495961246E-4
-2.4192315696992437E-4
2.443657773938945E-4
-2.4640508100739843E-4
2.4855425126649514E-4
-2.5029339362218233E-4
2.521439361770189E-4
-2.5357872752865686E-4
2.551261842601896E-4
-2.5625316806970064E-4
2.574938110191026E-4
-2.5831027228368647E-4
2.592411126332413E-4
-2.59745084426361E-4
2.60363879700398E-4
-2.6055414790974974E-4
2.608594073760764E-4
-2.6073551362894624E-4
2.607265018908714E-4
-2.602887446581264E-4
2.599654834256992E-4
-2.592149173028224E-4
2.585781853406343E-4
-2.575166185071188E-4
2.5656794975813696E-4
-2.551979396215981E-4
2.5393961951213225E-4
-2.522644665469313E-4
2.5069952648027865E-4
-2.487232662765939E-4
2.4685547633037264E-4
-2.445828698721871E-4
2.4241672971605827E-4
-2.3985325191135942E-4
2.3739397996666724E-4
-2.3454580645798363E-4
2.3179932732617399E-4
-2.2867331961302662E-4
2.2564624980299237E-4
-2.2224993871174537E-4
2.1894957069977996E-4
-2.152911382413007E-4
2.1172542290294892E-4
-2.078136825615498E-4
2.0399121001753542E-4
-1.9983558551820102E-4
1.9576556443946E-4
-1.9137606704576276E-4
1.870683024698254E-4
-1.8245550686536233E-4
1.7792037657429714E-4
-1.7309539538764535E-4
1.683438249074096E-4
-1.6331828194100963E-4
1.5836171822132376E-4
-1.531477204482329E-4
1.4799810428500228E-4
-1.426082126827002E-4
1.3727794995256162E-4
-1.317251492419105E-4
1.2622708101453544E-4
-1.2052474837874962E-4
1.1487211998189743E-4
-1.0903399283999334E-4
1.0324042195095395E-4
-9.728056486242852E-5
9.136000870078036E-5
-8.529277948324162E-5
7.925950118707823E-5
-7.309951632737816E-5
6.696805059290695E-5
-6.073015003409414E-5
5.4515268099375846E-5
-4.821447949001644E-5
4.193115354952487E-5
-3.558265604158277E-5
2.9246023178376123E-5
-2.2865110858202984E-5
-0.04573668503647929
-0.07925691700856514
0.2957568705961216
-0.1707504710117645
-9.10909231699165E-6
1.549488891659687E-5
-2.189136309987305E-5
2.824798799838712E-5
-3.4620895671343175E-5
4.093303520279354E-5
-4.726702347299672E-5
5.35194711400931E-5
-5.979928087451447E-5
6.597697398347878E-5
-7.218747657086215E-5
7.82755325178157E-5
-8.440176631339284E-5
9.03855184381831E-5
-9.641272480795398E-5
1.0227775772765258E-4
-1.0819141660353927E-4
1.1392360094036527E-4
-1.1970946580062685E-4
1.252949922200498E-4
-1.3093912440887041E-4
1.3636453688868223E-4
-1.418533391974416E-4
1.4710556744388544E-4
-1.5242581686728394E-4
1.5749220780229676E-4
-1.6263108739317204E-4
1.6749943563739602E-4
-1.7244456538501585E-4
1.771031426608807E-4
-1.8184260931415698E-4
1.862801927011411E-4
-1.908025784700401E-4
1.9500847744102984E-4
-1.9930288750202884E-4
2.032669696780797E-4
-2.0732305842137614E-4
2.1103577398108196E-4
-2.148437699332025E-4
2.1829617461986575E-4
-2.2184690398545476E-4
2.2503068065365467E-4
-2.2831558941447712E-4
2.3122306806735632E-4
-2.3423424259049063E-4
2.3685841885729764E-4
-2.3958860495950523E-4
2.4192315696989559E-4
-2.4436577739397387E-4
2.4640508100747536E-4
-2.485542512665557E-4
2.502933936222785E-4
-2.521439361771828E-4
2.535787275287683E-4
-2.551261842602452E-4
2.562531680697132E-4
-2.574938110190262E-4
2.5831027228369314E-4
-2.5924111263337415E-4
2.5974508442645923E-4
-2.603638797004452E-4
2.6055414790980693E-4
-2.608594073761492E-4
2.607355136290137E-4
-2.6072650189094235E-4
2.602887446581675E-4
-2.599654834257092E-4
2.592149173028059E-4
-0.43119122566538504
-0.7461397234570984
2.8520013672119453
-1.4925392822115893
-0.4311865870995566
0.2490513444917488
-2.5069952648032413E-4
2.487232662766491E-4
-2.468554763304629E-4
2.4458286987221844E-4
-2.42416729715993E-4
2.3985325191133836E-4
-2.3739397996670291E-4
2.345458064580291E-4
-2.3179932732622568E-4
2.2867331961309793E-4
-2.256462498030959E-4
2.2224993871183417E-4
-2.1894957069980376E-4
2.1529113824144715E-4
-2.1172542290332223E-4
2.0781368256176112E-4
-2.039912100175023E-4
1.9983558551823168E-4
-1.957655644395849E-4
1.9137606704586806E-4
-1.8706830246992184E-4
1.8245550686540974E-4
-1.7792037657425594E-4
1.7309539538766305E-4
-1.6834382490755085E-4
1.633182819410331E-4
-1.5836171822113966E-4
1.5314772044817642E-4
-1.4799810428512363E-4
1.426082126828117E-4
-1.3727794995266335E-4
1.3172514924200243E-4
-1.2622708101459238E-4
1.2052474837886546E-4
-1.1487211998205418E-4
1.0903399284025803E-4
-1.0324042195146306E-4
9.728056486267269E-5
-9.13600087006231E-5
8.52927794831923E-5
-7.925950118718174E-5
7.309951632746696E-5
-6.696805059300258E-5
6.073015003411617E-5
-5.451526809920126E-5
4.8214479490104356E-5
-4.1931153550051284E-5
3.558265604189084E-5
-2.924602317834777E-5
2.28651108582789E-5
-1.6490436575764218E-5
1.0092481620157742E-5
-3.6951230669450186E-6
-2.7044612903029575E-6
9.109092317159692E-6
-1.5494888916627526E-5
2.1891363099687305E-5
-2.824798799827988E-5
3.4620895671400644E-5
-4.093303520269401E-5
4.726702347265396E-5
-5.351947113982885E-5
5.979928087435747E-5
-6.597697398332176E-5
7.218747657071231E-5
-7.827553251764626E-5
8.440176631313191E-5
-9.038551843809882E-5
9.641272480813254E-5
-1.0227775772777226E-4
1.081914166036468E-4
-1.1392360094028633E-4
1.197094658002537E-4
-1.252949922197846E-4
1.3093912440874904E-4
-1.363645368885707E-4
1.4185333919738657E-4
-1.4710556744371265E-4
1.524258168669108E-4
-1.5749220780203157E-4
1.6263108739307224E-4
-1.6749943563724716E-4
1.72444565384782E-4
-1.7710314266069593E-4
1.81842609314059E-4
-1.8628019270098916E-4
1.9080257846982343E-4
-1.9500847744078858E-4
1.993028875017343E-4
-2.0326696967783915E-4
2.0732305842120397E-4
-2.1103577398092445E-4
2.1484376993305523E-4
-2.1829617461974546E-4
2.2184690398538843E-4
-2.2503068065354173E-4
2.2831558941431216E-4
-2.3122306806715946E-4
2.342342425902421E-4
-2.368584188570712E-4
2.3958860495931615E-4
-2.4192315696968693E-4
2.443657773937446E-4
-2.4640508100722897E-4
2.4855425126625575E-4
-2.502933936220608E-4
2.5214393617709405E-4
-2.5357872752863387E-4
2.551261842600398E-4
-2.562531680695311E-4
2.5749381101886326E-4
-2.583102722835648E-4
2.5924111263330205E-4
-2.5974508442636296E-4
2.603638797003195E-4
-2.6055414790967125E-4
2.6085940737599075E-4
-2.607355136288802E-4
2.607265018908393E-4
-2.6028874465807474E-4
2.599654834256063E-4
-2.592149173027688E-4
2.5857818534061994E-4
-2.575166185071437E-4
2.5656794975821546E-4
-2.551979396216766E-4
2.539396195123113E-4
-2.5226446654683554E-4
2.506995264797717E-4
-2.4872326627618503E-4
2.4685547633011227E-4
-2.4458286987188744E-4
2.4241672971567625E-4
