%% ========================================================================
%% Programmatic octave notes on "Ripples in Mathematics" by A. Jensen
%% and A. la Cour-Harbo written with a deep gratitude to the authors for
%% this wonderful text. 
%% 
%% Reconstruction of graphs in ex. 4.3, p.33, HWT, D8.
%%
%% Author: Vladimir Kulyukin
%% 
%% NB: I have tested this code in Octave 4.
%% =========================================================================
t = [0:511];

%%y_ex_4_3_chirp_512_p33 = arrayfun(@(x) sin(x*x), t);

y_ex_4_3_chirp_HWT_D8_512_p33 = [
-0.42073549240394825
0.42073549240394825
-0.5844604902748424
0.5844604902748424
-0.07777578328364614
0.07777578328364614
-0.019013100341821965
0.019013100341821965
0.7749570162356223
-0.7749570162356223
-0.7525904329166693
0.7525904329166693
0.05548913688956763
-0.05548913688956763
0.9348124667872284
-0.9348124667872284
-0.4863435069106533
0.4863435069106533
-0.3417258869079653
0.3417258869079653
-0.8871946862825896
0.8871946862825896
-0.3714847903958565
0.3714847903958565
-0.5309845256631979
0.5309845256631979
-0.3395353307380965
0.3395353307380965
-0.08678387079686106
0.08678387079686106
0.6596700240488831
-0.6596700240488831
-0.5320366892710195
0.5320366892710195
0.05671972035603344
-0.05671972035603344
0.8329077384371376
-0.8329077384371376
-0.678830274274118
0.678830274274118
-0.2779133446834451
0.2779133446834451
-0.9925556149893443
0.9925556149893443
-0.1339883143938122
0.1339883143938122
-0.273153948065338
0.273153948065338
-0.8349295985058374
0.8349295985058374
-0.20683557580302625
0.20683557580302625
0.19301361833410707
-0.19301361833410707
0.10995572318950517
-0.10995572318950517
0.03896657888681854
-0.03896657888681854
0.24334947724753758
-0.24334947724753758
-0.619369812341236
0.619369812341236
-0.022938105397253883
0.022938105397253883
-0.5112488672458233
0.5112488672458233
0.32695076925870764
-0.32695076925870764
0.29237029768151246
-0.29237029768151246
-0.8622737465909619
0.8622737465909619
-0.19675267607095487
0.19675267607095487
-0.6011792099621538
0.6011792099621538
0.8554974025300212
-0.8554974025300212
-0.010464307736269829
0.010464307736269829
-0.7605918747815806
0.7605918747815806
0.1732233195864719
-0.1732233195864719
0.29923315752180635
-0.29923315752180635
0.7112992024611975
-0.7112992024611975
0.4453863699734111
-0.4453863699734111
0.531603076712768
-0.531603076712768
0.3581756381635572
-0.3581756381635572
0.12462245152794854
-0.12462245152794854
-0.5302201190562885
0.5302201190562885
0.27239601369028477
-0.27239601369028477
-0.029757504596802167
0.029757504596802167
-0.48698380509764466
0.48698380509764466
0.697912927981363
-0.697912927981363
0.06751794886269236
-0.06751794886269236
0.5759555129093512
-0.5759555129093512
-0.33362489131730577
0.33362489131730577
-0.31478505571979754
0.31478505571979754
0.7943876381589409
-0.7943876381589409
0.1761420670664356
-0.1761420670664356
0.7043194331360096
-0.7043194331360096
-0.8983205929080151
0.8983205929080151
0.013949877230433783
-0.013949877230433783
0.9118746596109768
-0.9118746596109768
-0.5312670522530757
0.5312670522530757
-0.2881119054360536
0.2881119054360536
-0.9896343109072953
0.9896343109072953
-0.15049478087821938
0.15049478087821938
-0.1962206685592119
0.1962206685592119
-0.9472279423420823
0.9472279423420823
-0.26609878895468847
0.26609878895468847
-0.2280644828144155
0.2280644828144155
0.6581920139299431
-0.6581920139299431
0.0012655174564628058
-0.0012655174564628058
-0.596108220103061
0.596108220103061
0.06750948880923074
-0.06750948880923074
0.2709557736053979
-0.2709557736053979
0.7514210224330736
-0.7514210224330736
0.41465514837771994
-0.41465514837771994
0.43811695176328314
-0.43811695176328314
0.6770782534340454
-0.6770782534340454
0.23318097813544492
-0.23318097813544492
-0.1188174164523485
0.1188174164523485
-0.3464112950229175
0.3464112950229175
-0.0020538183004923383
0.0020538183004923383
0.31788784635132805
-0.31788784635132805
0.17012747597463945
-0.17012747597463945
-0.2230995121748695
0.2230995121748695
-0.5697310936483782
0.5697310936483782
-0.4823995447761685
0.4823995447761685
-0.48236222517356164
0.48236222517356164
-0.5698799662312758
0.5698799662312758
-0.2231750454253607
0.2231750454253607
0.16981303991501043
-0.16981303991501043
0.31835544878630345
-0.31835544878630345
-0.00206524825738047
0.00206524825738047
-0.3470637028066153
0.3470637028066153
-0.11814187111598157
0.11814187111598157
0.23330603612376355
-0.23330603612376355
0.6779000225108951
-0.6779000225108951
0.4377205939663764
-0.4377205939663764
0.4141708924343453
-0.4141708924343453
0.7523974771332146
-0.7523974771332146
0.27115989016626474
-0.27115989016626474
0.06881010870728871
-0.06881010870728871
-0.5974118624773229
0.5974118624773229
0.0012420675298340234
-0.0012420675298340234
0.6594877832783557
-0.6594877832783557
-0.2296995544886923
0.2296995544886923
-0.26610962106375097
0.26610962106375097
-0.9479090437425018
0.9479090437425018
-0.19488266746634056
0.19488266746634056
-0.1491214525115731
0.1491214525115731
-0.9898413094698202
0.9898413094698202
-0.28788511048486914
0.28788511048486914
-0.5328434494072053
0.5328434494072053
0.9122277345941432
-0.9122277345941432
0.014025777907944681
-0.014025777907944681
-0.8981205782049697
0.8981205782049697
0.7054488094887372
-0.7054488094887372
0.17542721173921583
-0.17542721173921583
0.7921600778333288
-0.7921600778333288
-0.3166232073421801
0.3166232073421801
-0.33520493334103196
0.33520493334103196
0.5725855762127574
-0.5725855762127574
0.06623272903825345
-0.06623272903825345
0.6968555408638514
-0.6968555408638514
-0.4834463280805283
0.4834463280805283
-0.02974643877349606
0.02974643877349606
0.26832355540426506
-0.26832355540426506
-0.5274552231651154
0.5274552231651154
0.12568809033164974
-0.12568809033164974
0.36286766895856154
-0.36286766895856154
0.5305439142793384
-0.5305439142793384
0.44402216292566954
-0.44402216292566954
0.7151029141044891
-0.7151029141044891
0.2998491277616188
-0.2998491277616188
0.1772781443358882
-0.1772781443358882
-0.7636682994807169
0.7636682994807169
-0.01070143933836265
0.01070143933836265
0.8570065906613662
-0.8570065906613662
-0.6042897930354867
0.6042897930354867
-0.1958442336114559
0.1958442336114559
-0.8592091360743337
0.8592091360743337
0.29564542385750636
-0.29564542385750636
0.32948045269073645
-0.32948045269073645
-0.5054211082018201
0.5054211082018201
-0.020686180865685022
0.020686180865685022
-0.6166907258447332
0.6166907258447332
0.23691784881359756
-0.23691784881359756
0.0387770605762785
-0.0387770605762785
0.11648493791563014
-0.11648493791563014
0.18725735707127056
-0.18725735707127056
-0.20761421242822678
0.20761421242822678
-0.838906422877846
0.838906422877846
-0.26907827740403456
0.26907827740403456
-0.13015717967932544
0.13015717967932544
-0.991843391387649
0.991843391387649
-0.2763949908246711
0.2763949908246711
-0.6807460549689613
0.6807460549689613
0.8293378287002081
-0.8293378287002081
0.05682807442998474
-0.05682807442998474
-0.5258379803054462
0.5258379803054462
0.6557569926035824
-0.6557569926035824
-0.08862136851742723
0.08862136851742723
-0.34788169784871886
0.34788169784871886
-0.5285825910372638
0.5285825910372638
-0.36850342708662165
0.36850342708662165
-0.8914588585147448
0.8914588585147448
-0.341520596697953
0.341520596697953
-0.4913505484509496
0.4913505484509496
0.9346559113552394
-0.9346559113552394
0.05587306718749541
-0.05587306718749541
-0.7479541942291349
0.7479541942291349
0.772973922514395
-0.772973922514395
-0.021218218911524533
0.021218218911524533
-0.08793406152927531
0.08793406152927531
-0.5830932052993045
0.5830932052993045
-0.41823576457855777
0.41823576457855777
-0.8055341435045628
0.8055341435045628
-0.3502721116323621
0.3502721116323621
-0.4358478651050548
0.4358478651050548
0.9373504592704585
-0.9373504592704585
0.06226484832889672
-0.06226484832889672
-0.7396174321931414
0.7396174321931414
0.7681054320253882
-0.7681054320253882
-0.03691742053694902
0.03691742053694902
-0.2000104406752685
