%% ========================================================================
%% Programmatic octave notes on "Ripples in Mathematics" by A. Jensen
%% and A. la Cour-Harbo written with a deep gratitude to the authors for
%% this wonderful text. 
%% 
%% Reconstruction of graphs in ex 4.3, p.33, HWT, 4 scales, D7.
%%
%% Author: Vladimir Kulyukin
%% 
%% NB: I have tested this code in Octave 4.
%% =========================================================================
t = [0:511];

%%y_ex_4_3_chirp_512_p33 = arrayfun(@(x) sin(x*x), t);

y_ex_4_3_chirp_HWT_D7_512_p33 = [
0.29653874871851704
0.29653874871851704
-0.29653874871851704
-0.29653874871851704
0.38131910985993733
0.38131910985993733
-0.38131910985993733
-0.38131910985993733
-0.05057788492287099
-0.05057788492287099
0.05057788492287099
0.05057788492287099
-0.27561415978536996
-0.27561415978536996
0.27561415978536996
0.27561415978536996
-0.22526259732400697
-0.22526259732400697
0.22526259732400697
0.22526259732400697
-0.2643562152472833
-0.2643562152472833
0.2643562152472833
0.2643562152472833
-0.08268486960226834
-0.08268486960226834
0.08268486960226834
0.08268486960226834
-0.6182426428188242
-0.6182426428188242
0.6182426428188242
0.6182426428188242
0.2680603086042992
0.2680603086042992
-0.2680603086042992
-0.2680603086042992
0.19473249462060277
0.19473249462060277
-0.19473249462060277
-0.19473249462060277
-0.2579380993707439
-0.2579380993707439
0.2579380993707439
0.2579380993707439
0.7769660161190425
0.7769660161190425
-0.7769660161190425
-0.7769660161190425
0.1708480725476419
0.1708480725476419
-0.1708480725476419
-0.1708480725476419
0.07046057885821129
0.07046057885821129
-0.07046057885821129
-0.07046057885821129
0.11977343066589469
0.11977343066589469
-0.11977343066589469
-0.11977343066589469
0.6501899407235876
0.6501899407235876
-0.6501899407235876
-0.6501899407235876
-0.36998238233873315
-0.36998238233873315
0.36998238233873315
0.36998238233873315
-0.396391054287817
-0.396391054287817
0.396391054287817
0.396391054287817
0.08087938888214954
0.08087938888214954
-0.08087938888214954
-0.08087938888214954
-0.41802979512952704
-0.41802979512952704
0.41802979512952704
0.41802979512952704
-0.22381516224383355
-0.22381516224383355
0.22381516224383355
0.22381516224383355
-0.12112954096063233
-0.12112954096063233
0.12112954096063233
0.12112954096063233
-0.3575567641557056
-0.3575567641557056
0.3575567641557056
0.3575567641557056
-0.337489607400926
-0.337489607400926
0.337489607400926
0.337489607400926
-0.01860094314450227
-0.01860094314450227
0.01860094314450227
0.01860094314450227
0.02669859893192139
0.02669859893192139
-0.02669859893192139
-0.02669859893192139
-0.5717461738143429
-0.5717461738143429
0.5717461738143429
0.5717461738143429
0.37389159186978593
0.37389159186978593
-0.37389159186978593
-0.37389159186978593
0.3921590396700335
0.3921590396700335
-0.3921590396700335
-0.3921590396700335
-0.22352134464775772
-0.22352134464775772
0.22352134464775772
0.22352134464775772
0.40065002247191717
0.40065002247191717
-0.40065002247191717
-0.40065002247191717
0.21066017177855687
0.21066017177855687
-0.21066017177855687
-0.21066017177855687
-0.14046800786366143
-0.14046800786366143
0.14046800786366143
0.14046800786366143
0.7966578668068973
0.7966578668068973
-0.7966578668068973
-0.7966578668068973
0.008802355493761984
0.008802355493761984
-0.008802355493761984
-0.008802355493761984
0.16046258573820088
0.16046258573820088
-0.16046258573820088
-0.16046258573820088
0.34443781560797343
0.34443781560797343
-0.34443781560797343
-0.34443781560797343
0.5091736931788807
0.5091736931788807
-0.5091736931788807
-0.5091736931788807
0.22256168361092754
0.22256168361092754
-0.22256168361092754
-0.22256168361092754
0.19645274131994814
0.19645274131994814
-0.19645274131994814
-0.19645274131994814
0.5763894885674162
0.5763894885674162
-0.5763894885674162
-0.5763894885674162
0.24831205836506234
0.24831205836506234
-0.24831205836506234
-0.24831205836506234
0.12689749497224306
0.12689749497224306
-0.12689749497224306
-0.12689749497224306
0.23837910010167745
0.23837910010167745
-0.23837910010167745
-0.23837910010167745
0.3790464962646485
0.3790464962646485
-0.3790464962646485
-0.3790464962646485
0.2382823154110279
0.2382823154110279
-0.2382823154110279
-0.2382823154110279
0.12699172637933223
0.12699172637933223
-0.12699172637933223
-0.12699172637933223
0.2485165803344897
0.2485165803344897
-0.2485165803344897
-0.2485165803344897
0.5760086206891286
0.5760086206891286
-0.5760086206891286
-0.5760086206891286
0.19691919766725982
0.19691919766725982
-0.19691919766725982
-0.19691919766725982
0.22310843766172186
0.22310843766172186
-0.22310843766172186
-0.22310843766172186
0.5084081962246572
0.5084081962246572
-0.5084081962246572
-0.5084081962246572
0.3447883139808431
0.3447883139808431
-0.3447883139808431
-0.3447883139808431
0.1605569747657809
0.1605569747657809
-0.1605569747657809
-0.1605569747657809
0.007855799880022548
0.007855799880022548
-0.007855799880022548
-0.007855799880022548
0.7973665913501771
0.7973665913501771
-0.7973665913501771
-0.7973665913501771
-0.14164075076221436
-0.14164075076221436
0.14164075076221436
0.14164075076221436
0.21055914748026935
0.21055914748026935
-0.21055914748026935
-0.21055914748026935
0.4003508048379755
0.4003508048379755
-0.4003508048379755
-0.4003508048379755
-0.2257740550022037
-0.2257740550022037
0.2257740550022037
0.2257740550022037
0.39150723053817593
0.39150723053817593
-0.39150723053817593
-0.39150723053817593
0.37290736043901057
0.37290736043901057
-0.37290736043901057
-0.37290736043901057
-0.5735964397733675
-0.5735964397733675
0.5735964397733675
0.5735964397733675
0.024920020947665676
0.024920020947665676
-0.024920020947665676
-0.024920020947665676
-0.01930756534611431
-0.01930756534611431
0.01930756534611431
0.01930756534611431
-0.3364291300058929
-0.3364291300058929
0.3364291300058929
0.3364291300058929
-0.36157770397060984
-0.36157770397060984
0.36157770397060984
0.36157770397060984
-0.11883829347996543
-0.11883829347996543
0.11883829347996543
0.11883829347996543
-0.2242785162836024
-0.2242785162836024
0.2242785162836024
0.2242785162836024
-0.418554038964333
-0.418554038964333
0.418554038964333
0.418554038964333
0.08488199781120026
0.08488199781120026
-0.08488199781120026
-0.08488199781120026
-0.39554529980852954
-0.39554529980852954
0.39554529980852954
0.39554529980852954
-0.36825497415699426
-0.36825497415699426
0.36825497415699426
0.36825497415699426
0.6524863279043939
0.6524863279043939
-0.6524863279043939
-0.6524863279043939
0.12235204003479913
0.12235204003479913
-0.12235204003479913
-0.12235204003479913
0.07121350803694235
0.07121350803694235
-0.07121350803694235
-0.07121350803694235
0.16816292740375877
0.16816292740375877
-0.16816292740375877
-0.16816292740375877
0.779382531172575
0.779382531172575
-0.779382531172575
-0.779382531172575
-0.2608067194493718
-0.2608067194493718
0.2608067194493718
0.2608067194493718
0.1933450251529514
0.1933450251529514
-0.1933450251529514
-0.1933450251529514
0.26504534239361505
0.26504534239361505
-0.26504534239361505
-0.26504534239361505
-0.6187611095192248
-0.6187611095192248
0.6187611095192248
0.6187611095192248
-0.08632190914800233
-0.08632190914800233
0.08632190914800233
0.08632190914800233
-0.2678027314685192
-0.2678027314685192
0.2678027314685192
0.2678027314685192
-0.21843782429296388
-0.21843782429296388
0.21843782429296388
0.21843782429296388
-0.2731912262463487
-0.2731912262463487
0.2731912262463487
0.2731912262463487
-0.04965692801219043
-0.04965692801219043
0.04965692801219043
0.04965692801219043
0.3809300765316829
0.3809300765316829
-0.3809300765316829
-0.3809300765316829
0.3047597955411472
0.3047597955411472
-0.3047597955411472
-0.3047597955411472
0.0051023305738363825
0.0051023305738363825
-0.0051023305738363825
-0.0051023305738363825
0.27214311913695544
0.27214311913695544
-0.27214311913695544
-0.27214311913695544
0.4087154254329451
0.4087154254329451
-0.4087154254329451
-0.4087154254329451
-0.5690012992439188
