%% ========================================================================
%% Programmatic octave notes on "Ripples in Mathematics" by A. Jensen
%% and A. la Cour-Harbo written with a deep gratitude to the authors for
%% this wonderful text. 
%% 
%% Reconstruction of graphs in Figure 4.13, top, p.34, Ch 04, D6.
%%
%% Author: Vladimir Kulyukin
%% 
%% NB: I have tested this code in Octave 4.
%% =========================================================================
t = [0:1023];

y_fig_4_13_d6_p34 = [
0.02304362754890858
0.020075611842300268
0.01925591064389198
0.01786057030792343
0.018613544480154898
0.018790879514826102
0.018392575411937055
0.01814851335108902
0.020052765798441022
0.02138137910823275
0.02213435328046422
0.023041569494736704
0.023373146571448945
0.023858965690202193
0.02449902685099646
0.025097758981186907
0.016523340710871602
0.010406860682421045
0.006748318895835234
0.0024311745422961888
5.719684306218918E-4
-0.0019458402480056376
-0.005122251493586401
-0.00812219071321898
-0.008664191690986813
-0.009864795235707876
-0.011724001347382175
-0.013406735433108288
-0.015748072085787636
-0.017912936712518795
-0.01990132931330178
-0.021937007450924258
-0.014883860036104628
-0.010266056088209212
-0.008083595607238012
-0.005248586811012056
-0.004848921481710319
-0.003796707837153826
-0.002091945877342581
-5.620337116261354E-4
-0.0014674650128339074
-0.0017203479987869244
-0.0013206826694851877
-0.0010958671342782514
-2.1850328381656123E-4
4.8401077255032807E-4
0.0010116750348224163
0.0015861901582189541
0.002487501529098608
0.003301248109375639
0.004027429899050048
0.004777074603651829
0.00543915451765099
0.006124697346577521
0.006833703090431427
0.007536421965178461
0.00815157604932288
0.008790193048394665
0.009452272962393826
0.010108066007286115
0.01078732196710578
0.01146029105781857
0.012126973279424493
0.012795340062530521
0.00508593666145963
-3.7864998438751985E-4
-0.0035984198750109242
-0.007419686602352385
-0.008996136574470102
-0.011174083383305871
-0.013953527028859698
-0.016571800082765046
-0.016945256381446654
-0.01792020951684631
-0.01949665948896403
-0.020911938869433266
-0.02292871508662056
-0.024784320712159375
-0.02647875574604971
-0.0282163763098159
-0.015314690671527445
-0.006335595307831457
-0.0012790902187279375
0.00482846976669081
0.007013439477517087
0.01024946408465859
0.014536543588115325
0.018541993780903612
0.01862485369909944
0.01975876851361049
0.021943738224436765
0.023847078624594592
0.026801473921067662
0.029474239906872274
0.031865376582008456
0.034331975603503165
0.01866268424092369
0.00785289006077625
0.0019025930630608599
-0.005349802280308515
-0.007742700441245845
-0.011437696947837155
-0.01643479180008245
-0.021082990452143853
-0.020871691921773225
-0.02196249173705657
-0.024355389897993896
-0.02639939185874734
-0.02974549216515477
-0.032742696271378297
-0.03539100417741796
-0.03813279853853916
-0.02092725465456724
-0.009066583944518465
-0.0025507864083928458
0.005397165578332254
0.008000244391134202
0.012035477654535628
0.017502865368536537
0.02258650845406267
0.022325278365665654
0.023496202727868117
0.026099281540670063
0.02831861572499723
0.03197010435992389
0.035237848366375765
0.038121847744352885
0.04110867118562959
0.02260118785572413
0.009853086667023735
0.002864367619528422
-0.005667573221605023
-0.008440131921533393
-0.012755912415099891
-0.01861491470230452
-0.024060411956161702
-0.023746527068813812
-0.024975863975104044
-0.027748422675032414
-0.030107476341613336
-0.03400975180183239
-0.03749852222870399
-0.04057378762222815
-0.043759851355503955
-0.024020499828261776
-0.010423994806223521
-0.0029703362893892006
0.0061292929877428595
0.009086075759670985
0.013688829291896843
0.019937553584420443
0.025745241340957018
0.025410082592289676
0.026720894603920062
0.029677677375848192
0.032193423611789285
0.036355140608028136
0.04007582106827995
0.04335546499254475
0.046753284300459885
0.02569394096678402
0.011187874612079075
0.0032350852363450715
-0.0064736494136816616
-0.009629107084737458
-0.014540510030085982
-0.021207858249727235
-0.027404702351168504
-0.02704826947363885
-0.028447781870401916
-0.03160323954145772
-0.034288193094313524
-0.03872909192146207
-0.04269948663041062
-0.046199377221159195
-0.04982533901041496
-0.02739858318590898
-0.011952632006646546
-0.0034874854726276547
0.006848162028603674
0.010203004884591454
0.015428348707791669
0.022524193498204326
0.029118839065010768
0.028732679986573667
0.030217021875349002
0.033571864731336776
0.03642550836371834
0.041149652963312355
0.045372598339300144
0.049094344491681735
0.0529503865712757
0.029079233126853822
0.012637559331471822
0.0036253651851297117
-0.007377552033356097
-0.010950989602802016
-0.01651515024439163
-0.02407003395812495
-0.031091505032323354
-0.030683496457481876
-0.03226621095478409
-0.03583964852423
-0.038879673454141
-0.04391042145619571
-0.0484077568187155
-0.0523716795417004
-0.05647852975068121
-0.03128353576854281
-0.013939947274157372
-0.004447764267524921
0.007148196499000226
0.01089275177777239
0.01674108481643725
0.02469319561499481
0.03208160086173456
0.03161860062072133
0.033259378139600795
0.037003933418372964
0.04018478314532731
0.04546941063217437
0.05019033256720362
0.05434754895041506
0.058655809781005014
0.03237803433474166
0.014295762608530164
0.004408994602370542
-0.0076737520071432416
-0.011560994896605153
-0.01764421638942122
-0.025923416485591454
-0.03361420588839691
-0.03310949157115051
-0.03480075585725826
-0.038687998746720166
-0.04198683094281729
-0.047481641742268606
-0.05238804184835512
-0.05670603126107687
-0.06118168484390354
-0.03422387529451695
-0.015688636806720377
-0.005575969380513806
0.006793519159839551
0.010740436638602894
0.016944175231513023
0.025404734938569935
0.03326058125062971
0.03269385650109948
0.034383952865716036
0.038330870344479365
0.041673074428245555
0.04727209962615855
0.052266411429074386
0.0566560098369931
0.06120764071075357
0.03414574149751022
0.015554662140976535
0.0054344026411525265
-0.006955606198506358
-0.010874795181455569
-0.017063733504239648
-0.025522421166858607
-0.03337293132684773
-0.032752621630127196
-0.034402061273241524
-0.03832125025619073
-0.0416322617365101
-0.047213022556664354
-0.052185605874188766
-0.05655001168908336
-0.06107737817466238
-0.03439454247576149
-0.016074455247804043
-0.006117116490790057
0.0060810139655178355
0.009916395950882267
0.015992569635540604
0.024309535019492845
0.032026082077212914
0.03137988066398954
0.032974470950060064
0.03680985293542449
0.040044816594556755
0.04552057195298294
0.050395908985176936
0.05467082769113877
0.05910662800273535
0.03328035608274838
0.015562781978506525
0.005953905690009786
-0.005827689629883865
-0.009500587134032396
-0.015346203669577839
-0.023364539236520196
-0.030800696493620012
-0.030128155934974726
-0.03162833440772635
-0.03530123191187487
-0.038391951106180856
-0.04365538933188377
-0.04833664924774414
-0.05243573085376198
-0.05669080666775302
-0.03196881795531448
-0.015011210281757269
-0.005817983647081408
0.005455702616690233
0.008965007841580528
0.0145547726955666
0.022224997178648447
0.029337764184228524
0.028686150150927264
0.030114995746721773
0.033624300971612064
0.03657614871900057
0.041608456095484886
0.046083305994467416
0.050000698415948175
0.05406746111834022
0.03053964379909542
0.014405771912124202
0.005665845457426571
-0.005055282704728558
-0.008382465434610098
-0.013690849871949134
-0.020980436016745665
-0.027739160763985797
-0.027103940078952345
-0.028449921101376386
-0.03177710383125792
-0.03457342516358305
-0.039350948203365696
-0.04359760984559194
-0.04731341009026178
-0.0511714542176997
-0.028792951149174406
-0.013444509713988488
-0.005126129912141956
0.005075949227098885
0.008247966733000342
0.013303683576296103
0.02024309975698617
0.026677780221438387
0.026082399052551237
0.027370717221058383
0.030542734726959835
0.03321001651662344
0.037760997643681356
0.04180724305450142
0.04534875274908364
0.04902550597122292
0.027636658573014596
