%% ========================================================================
%% Programmatic octave notes on "Ripples in Mathematics" by A. Jensen
%% and A. la Cour-Harbo written with a deep gratitude to the authors for
%% this wonderful text. 
%% 
%% Reconstruction of Figure 4.8, d7, p. 30, Ch 04.
%%
%% Author: Vladimir Kulyukin
%% 
%% NB: I have tested this code in Octave, not Matlab.
%%
%% The numbers below were computed by my Java OneDHaar class methods
%% available at https://github.com/VKEDCO/java/blob/master/haar/org.vkedco.wavelets.haar/OneDHaar.java &
%% https://github.com/VKEDCO/java/blob/master/haar/org.vkedco.wavelets.tests/RipplesInMathCh04.java
%% =========================================================================
t = [0:511];

y_fig_4_8_s06_d06_d7_d08_p30_inverted = [
-0.20005498296172905
-0.20005498296172905
0.20005498296172905
0.20005498296172905
-0.0463278245095968
-0.0463278245095968
0.0463278245095968
0.0463278245095968
0.12573337674285068
0.12573337674285068
-0.12573337674285068
-0.12573337674285068
-0.020746901695134157
-0.020746901695134157
0.020746901695134157
0.020746901695134157
-0.1364154178760675
-0.1364154178760675
0.1364154178760675
0.1364154178760675
-0.020974393034209667
-0.020974393034209667
0.020974393034209667
0.020974393034209667
0.046596287687746825
0.046596287687746825
-0.046596287687746825
-0.046596287687746825
0.06771789907235082
0.06771789907235082
-0.06771789907235082
-0.06771789907235082
-0.1202746780717188
-0.1202746780717188
0.1202746780717188
0.1202746780717188
-0.040760577164032495
-0.040760577164032495
0.040760577164032495
0.040760577164032495
-0.07848040623690289
-0.07848040623690289
0.07848040623690289
0.07848040623690289
0.03501013256239981
0.03501013256239981
-0.03501013256239981
-0.03501013256239981
0.06638830424566279
0.06638830424566279
-0.06638830424566279
-0.06638830424566279
0.017515286475866094
0.017515286475866094
-0.017515286475866094
-0.017515286475866094
0.061785167918731954
0.061785167918731954
-0.061785167918731954
-0.061785167918731954
-0.016539166573336705
-0.016539166573336705
0.016539166573336705
0.016539166573336705
0.04467947379734608
0.04467947379734608
-0.04467947379734608
-0.04467947379734608
0.07590386617472442
0.07590386617472442
-0.07590386617472442
-0.07590386617472442
0.20668977671789843
0.20668977671789843
-0.20668977671789843
-0.20668977671789843
0.024733161710739214
0.024733161710739214
-0.024733161710739214
-0.024733161710739214
-0.052745103852738146
-0.052745103852738146
0.052745103852738146
0.052745103852738146
-0.04012564091211851
-0.04012564091211851
0.04012564091211851
0.04012564091211851
-7.830363130132571E-4
-7.830363130132571E-4
7.830363130132571E-4
7.830363130132571E-4
0.0015945640991316518
0.0015945640991316518
-0.0015945640991316518
-0.0015945640991316518
0.01119127737867675
0.01119127737867675
-0.01119127737867675
-0.01119127737867675
-0.012718867365469502
-0.012718867365469502
0.012718867365469502
0.012718867365469502
-0.053902326321664217
-0.053902326321664217
0.053902326321664217
0.053902326321664217
-0.05593067440500213
-0.05593067440500213
0.05593067440500213
0.05593067440500213
0.030228202409051372
0.030228202409051372
-0.030228202409051372
-0.030228202409051372
0.041693681848821454
0.041693681848821454
-0.041693681848821454
-0.041693681848821454
-0.01277411962466091
-0.01277411962466091
0.01277411962466091
0.01277411962466091
0.009937884998948364
0.009937884998948364
-0.009937884998948364
-0.009937884998948364
-0.08365062421261893
-0.08365062421261893
0.08365062421261893
0.08365062421261893
0.00505798702623289
0.00505798702623289
-0.00505798702623289
-0.00505798702623289
-0.07560149928080223
-0.07560149928080223
0.07560149928080223
0.07560149928080223
0.0345538608557308
0.0345538608557308
-0.0345538608557308
-0.0345538608557308
-0.00432458522277936
-0.00432458522277936
0.00432458522277936
0.00432458522277936
-0.07533604161697206
-0.07533604161697206
0.07533604161697206
0.07533604161697206
0.08435658354087244
0.08435658354087244
-0.08435658354087244
-0.08435658354087244
0.06495819658090148
0.06495819658090148
-0.06495819658090148
-0.06495819658090148
-0.08634955646536951
-0.08634955646536951
0.08634955646536951
0.08634955646536951
0.16440420310536674
0.16440420310536674
-0.16440420310536674
-0.16440420310536674
-0.1588840249963836
-0.1588840249963836
0.1588840249963836
0.1588840249963836
0.0032819333459739902
0.0032819333459739902
-0.0032819333459739902
-0.0032819333459739902
0.024517199593199385
0.024517199593199385
-0.024517199593199385
-0.024517199593199385
0.040321884743484596
0.040321884743484596
-0.040321884743484596
-0.040321884743484596
-0.0024111596395766026
-0.0024111596395766026
0.0024111596395766026
0.0024111596395766026
-0.015557935603884524
-0.015557935603884524
0.015557935603884524
0.015557935603884524
0.015088408657918473
0.015088408657918473
-0.015088408657918473
-0.015088408657918473
0.0654589151465807
0.0654589151465807
-0.0654589151465807
-0.0654589151465807
0.6467061909096541
0.6467061909096541
-0.6467061909096541
-0.6467061909096541
0.11314756292753929
0.11314756292753929
-0.11314756292753929
-0.11314756292753929
-0.11216579043736588
-0.11216579043736588
0.11216579043736588
0.11216579043736588
-0.0709734449700242
-0.0709734449700242
0.0709734449700242
0.0709734449700242
0.04569217588372888
0.04569217588372888
-0.04569217588372888
-0.04569217588372888
-0.06475760551123493
-0.06475760551123493
0.06475760551123493
0.06475760551123493
-0.07168557592716088
-0.07168557592716088
0.07168557592716088
0.07168557592716088
0.08492911828542361
0.08492911828542361
-0.08492911828542361
-0.08492911828542361
0.02764438407977505
0.02764438407977505
-0.02764438407977505
-0.02764438407977505
0.018418242789560658
0.018418242789560658
-0.018418242789560658
-0.018418242789560658
-0.09301098368499434
-0.09301098368499434
0.09301098368499434
0.09301098368499434
0.07467417174525617
0.07467417174525617
-0.07467417174525617
-0.07467417174525617
-0.006417260133840531
-0.006417260133840531
0.006417260133840531
0.006417260133840531
-0.10766961629915597
-0.10766961629915597
0.10766961629915597
0.10766961629915597
0.015439599549195143
0.015439599549195143
-0.015439599549195143
-0.015439599549195143
0.08470143663107252
0.08470143663107252
-0.08470143663107252
-0.08470143663107252
-0.058131077372945275
-0.058131077372945275
0.058131077372945275
0.058131077372945275
-0.026854043645539016
-0.026854043645539016
0.026854043645539016
0.026854043645539016
-0.08797061353497188
-0.08797061353497188
0.08797061353497188
0.08797061353497188
-0.011844417965403347
-0.011844417965403347
0.011844417965403347
0.011844417965403347
0.010896626321554885
0.010896626321554885
-0.010896626321554885
-0.010896626321554885
-0.15245501951313778
-0.15245501951313778
0.15245501951313778
0.15245501951313778
-0.12298069002259997
-0.12298069002259997
0.12298069002259997
0.12298069002259997
0.12111770299378653
0.12111770299378653
-0.12111770299378653
-0.12111770299378653
0.0014385612845207174
0.0014385612845207174
-0.0014385612845207174
-0.0014385612845207174
-0.08381711288032587
-0.08381711288032587
0.08381711288032587
0.08381711288032587
0.07714565546384138
0.07714565546384138
-0.07714565546384138
-0.07714565546384138
0.0432976387030016
0.0432976387030016
-0.0432976387030016
-0.0432976387030016
0.008452750121102843
0.008452750121102843
-0.008452750121102843
-0.008452750121102843
0.14660982764367325
0.14660982764367325
-0.14660982764367325
-0.14660982764367325
-0.06034855528353482
-0.06034855528353482
0.06034855528353482
0.06034855528353482
-0.09182388582101701
-0.09182388582101701
0.09182388582101701
0.09182388582101701
0.03733398157604393
0.03733398157604393
-0.03733398157604393
-0.03733398157604393
-0.06437005328685493
-0.06437005328685493
0.06437005328685493
0.06437005328685493
0.010751718973251884
0.010751718973251884
-0.010751718973251884
-0.010751718973251884
0.06757425862471678
0.06757425862471678
-0.06757425862471678
-0.06757425862471678
0.10458569760869403
0.10458569760869403
