%% ========================================================================
%% Programmatic octave notes on "Ripples in Mathematics" by A. Jensen
%% and A. la Cour-Harbo written with a deep gratitude to the authors for
%% this wonderful text. 
%% 
%% Reconstruction of graphs in Figure 4.8, p.30, Ch 04.
%%
%% Author: Vladimir Kulyukin
%% 
%% NB: I have tested this code in Octave 4.
%%
%% The numbers below were computed by my Java OneDHaar class methods
%% available at https://github.com/VKEDCO/java/blob/master/haar/org.vkedco.wavelets.haar/OneDHaar.java &
%% https://github.com/VKEDCO/java/blob/master/haar/org.vkedco.wavelets.tests/RipplesInMathCh04.java
%% =========================================================================


t = [0:511];

y_fig_4_8_s06_d06_d07_d8_inverted_p30 = [
0.09752880590825411
-0.09752880590825411
-0.04814916270692597
0.04814916270692597
-0.05701575090482639
0.05701575090482639
-0.20916308390034022
0.20916308390034022
-0.23338830579871167
0.23338830579871167
-0.14401970825279042
0.14401970825279042
0.15263226399113236
-0.15263226399113236
-0.03805920882712649
0.03805920882712649
-0.03958469872981252
0.03958469872981252
0.11216399138917277
-0.11216399138917277
0.1290001397926081
-0.1290001397926081
-0.08991998589702378
0.08991998589702378
0.037791215541385925
-0.037791215541385925
-0.18949721416049545
0.18949721416049545
0.07497677819582171
-0.07497677819582171
-0.009290252739349358
0.009290252739349358
-0.13204406194211238
0.13204406194211238
0.017166261743862044
-0.017166261743862044
-0.1297069913554577
0.1297069913554577
0.06784359264102824
-0.06784359264102824
-0.07254736163824504
0.07254736163824504
-0.008436565849630151
0.008436565849630151
0.05880347383756556
-0.05880347383756556
-0.0552134427407841
0.0552134427407841
-0.0038874642813732092
0.0038874642813732092
-0.007252634910156818
0.007252634910156818
0.008986861708275562
-0.008986861708275562
-0.10417934039693805
0.10417934039693805
-0.024546703753894117
0.024546703753894117
0.07349113401620189
-0.07349113401620189
0.02110179384131683
-0.02110179384131683
-0.052719347951907025
0.052719347951907025
0.10295181036575363
-0.10295181036575363
0.010472600562925094
-0.010472600562925094
-0.0955641315415302
0.0955641315415302
0.056457124746000065
-0.056457124746000065
0.08562877490901866
-0.08562877490901866
0.019005237582970236
-0.019005237582970236
0.04808511281184957
-0.04808511281184957
0.08676443906773168
-0.08676443906773168
-0.07361758023640774
0.07361758023640774
-0.09924750627731539
0.09924750627731539
0.008701315885589922
-0.008701315885589922
-0.022389153183531074
0.022389153183531074
-0.0334912561499251
0.0334912561499251
0.022863003342548538
-0.022863003342548538
-0.1113555060559589
0.1113555060559589
0.007408124363609492
-0.007408124363609492
0.16784563299786415
-0.16784563299786415
0.026963989315828663
-0.026963989315828663
0.027978027536579575
-0.027978027536579575
-0.20184185920571418
0.20184185920571418
-0.09202176216765173
0.09202176216765173
-0.08354968090908077
0.08354968090908077
0.03374363294720367
-0.03374363294720367
0.21005365808894855
-0.21005365808894855
0.061942940725757734
-0.061942940725757734
-0.07949352619914724
0.07949352619914724
-0.08004632819208565
0.08004632819208565
0.024530884024054816
-0.024530884024054816
-0.106132583807106
0.106132583807106
0.033298926201627665
-0.033298926201627665
0.13173827139778704
-0.13173827139778704
-0.18578897015666979
0.18578897015666979
0.031984077300964545
-0.031984077300964545
0.12677632778709746
-0.12677632778709746
-0.0229155042742504
0.0229155042742504
0.148168437015001
-0.148168437015001
0.05045439446056981
-0.05045439446056981
0.03551490247470415
-0.03551490247470415
-0.010394792493584826
0.010394792493584826
0.030962656832630966
-0.030962656832630966
-0.06855838355789318
0.06855838355789318
0.012046562697100027
-0.012046562697100027
0.24577492549037241
-0.24577492549037241
-0.026128021661109557
0.026128021661109557
0.1808692113553742
-0.1808692113553742
-0.048892746997457354
0.048892746997457354
-0.0899296378215218
0.0899296378215218
0.09676590444596506
-0.09676590444596506
0.12130279677548972
-0.12130279677548972
0.031242963573899326
-0.031242963573899326
0.031452966120689124
-0.031452966120689124
-0.09094583411936573
0.09094583411936573
-0.11460720441136796
0.11460720441136796
-0.07778891687784459
0.07778891687784459
0.11463121712055976
-0.11463121712055976
-0.08185024644121791
0.08185024644121791
0.1333156337987635
-0.1333156337987635
0.20661453506824318
-0.20661453506824318
-0.010459896612809216
0.010459896612809216
-0.03611640801071753
0.03611640801071753
0.017650994505764517
-0.017650994505764517
-0.08579359935443798
0.08579359935443798
0.0024754797499952907
-0.0024754797499952907
-0.07269151898501414
0.07269151898501414
0.16913260880286263
-0.16913260880286263
0.06730254911895162
-0.06730254911895162
0.05232081415929568
-0.05232081415929568
-0.0376701330794077
0.0376701330794077
1.4671031028429689
-1.4671031028429689
0.13573996525490595
-0.13573996525490595
-0.004695893482652647
0.004695893482652647
0.14860108958843066
-0.14860108958843066
-0.0646382613207625
0.0646382613207625
0.04981837230166225
-0.04981837230166225
-0.058277567662653545
0.058277567662653545
-0.03587918927867348
0.03587918927867348
-0.16491158319895552
0.16491158319895552
0.16966281194440166
-0.16966281194440166
0.2180718789486607
-0.2180718789486607
-0.024029857127657483
0.024029857127657483
-0.1854610052683032
0.1854610052683032
0.10944475910320256
-0.10944475910320256
0.018020497455477347
-0.018020497455477347
-0.10237281896602808
0.10237281896602808
-0.19730803656199575
0.19730803656199575
0.06489949163170966
-0.06489949163170966
0.015661770089098387
-0.015661770089098387
-0.08870341921457589
0.08870341921457589
0.12203879185164482
-0.12203879185164482
-0.2074227481280997
0.2074227481280997
-0.03551357385918008
0.03551357385918008
-0.09630828017587047
0.09630828017587047
0.02670386228287173
-0.02670386228287173
-0.11073418232819403
0.11073418232819403
-0.19449008048353061
0.19449008048353061
0.013707099327554095
-0.013707099327554095
-0.05106097539266995
0.05106097539266995
0.020022099049439274
-0.020022099049439274
0.05799347845601166
-0.05799347845601166
-0.10958150303445358
0.10958150303445358
-0.022569648456003844
0.022569648456003844
-0.006749702316791478
0.006749702316791478
0.016195913850045318
-0.016195913850045318
-0.19015150311402154
0.19015150311402154
0.09085456680976754
-0.09085456680976754
-0.16873589615224927
0.16873589615224927
0.025594062135535885
-0.025594062135535885
0.048934776164295805
-0.048934776164295805
-0.07987728171595954
0.07987728171595954
-0.015229438567468443
0.015229438567468443
0.11200906761234584
-0.11200906761234584
-0.08486114191065675
0.08486114191065675
-0.18725147392964522
0.18725147392964522
0.08971292184463707
-0.08971292184463707
-0.012923833291320297
0.012923833291320297
-0.16986746805429964
0.16986746805429964
-0.027221045555420594
0.027221045555420594
0.16491010954230023
-0.16491010954230023
-0.04650467191303298
0.04650467191303298
-0.13400040557196796
0.13400040557196796
-0.050275736141197014
0.050275736141197014
-0.10106993365746597
0.10106993365746597
-0.016499753327589795
0.016499753327589795
-0.11760976788731979
0.11760976788731979
-7.474233697013499E-5
7.474233697013499E-5
0.17463449601772107
-0.17463449601772107
-0.006017046859551067
0.006017046859551067
-0.08693453971322129
0.08693453971322129
0.0937947228859658
-0.0937947228859658
-0.02016765094581352
0.02016765094581352
-0.15828836614721742
0.15828836614721742
-0.049731023221466275
0.049731023221466275
0.0923707986043225
-0.0923707986043225
0.1024794261230032
-0.1024794261230032
-0.18792119195334764
0.18792119195334764
0.025363875144429504
-0.025363875144429504
-0.13338052604861883
0.13338052604861883
0.008861481282471106
-0.008861481282471106
0.12481743376138199
-0.12481743376138199
-0.015828515978324242
0.015828515978324242
-0.11707648277522176
0.11707648277522176
-0.19680181257140977
0.19680181257140977
