%% ========================================================================
%% Programmatic octave notes on "Ripples in Mathematics" by A. Jensen
%% and A. la Cour-Harbo written with a deep gratitude to the authors for
%% this wonderful text. 
%% 
%% Reconstruction of graphs in Figure 4.12, top, p.33, Ch 04.
%%
%% Author: Vladimir Kulyukin
%% 
%% NB: I have tested this code in Octave 4.
%% =========================================================================
t = (1.0/1024.0)*[0:1023];

y_fig_4_12_p33 = [
0.6931471805599453
2.8286761230514568
0.877375540246749
0.9115963843867164
0.9382753819319338
0.9601129890243549
0.9784999020136349
0.9942651696436584
1.0079506032142398
1.0199335363209954
1.0304893310265615
1.0398262760715766
1.0481064697778455
1.055459012583227
1.0619887131861077
1.0677820442865724
1.0729113414872637
1.0774378405026186
1.0814139231711248
1.0848848106558673
1.0878898616732835
1.090463582915118
1.0926364260543955
1.094435424005002
1.0958847043911937
1.0970059080200378
1.0978185330041037
1.0983402200764438
1.098586990938593
1.0985734487626904
1.0983129479457359
1.0978177386918473
1.097099090841028
3.096167400474351
1.095032282136941
1.0937026489821637
1.0921867827166654
1.090492394889693
1.0886266808014442
1.0865963670891088
1.0844077538743706
1.082066752213778
1.0795789174768426
1.0769494791808463
1.0741833677320098
1.071285238456815
1.0682594932522456
1.0651103001376463
1.0618416109520779
1.058457177408286
1.0549605656865917
1.051355169728356
1.0476442233684697
1.0438308114290045
1.0399178798812863
1.0359082451708248
1.0318046027884444
1.0276095351613521
1.0233255189295167
1.0189549316654514
1.0145000580891341
1.009963095824218
1.0053461607368037
1.0006512918937298
0.9958804561735533
2.991035552560034
0.9861184161449681
0.9811308218645907
0.976074487991413
0.9709510794012953
0.9657622106336814
0.9605094487612704
0.955194316083913
0.9498182926601838
0.9443828186888908
0.9388892967517039
0.9333390939271142
0.9277335437850662
0.9220739482708112
0.9163615794858192
0.910597681372936
0.904783471312394
0.8989201416347362
0.8930088610562501
0.8870507760420443
0.8810470121015165
0.8749986750205851
0.8689068520347201
0.8627726129465075
0.8565970111911976
0.8503810848534246
0.8441258576380598
0.8378323397979274
0.8315015290209267
0.8251344112789069
0.8187319616404807
0.812295145049797
2.8058249170731555
0.799322224615204
0.7927880066063423
0.7862231946628294
0.7796287137209994
0.7730054826468773
0.7663544148223983
0.7596764187093545
0.7529723983920941
0.7462432540999473
0.7394898827102612
0.732713178232871
0.7259140322767718
0.7190933344996968
0.7122519730412492
0.7053908349401946
0.6985108065364584
0.6916127738583401
0.6846976229954064
0.6777662404574888
0.6708195135201689
0.6638583305571045
0.6568835813595072
0.6498961574430646
0.6428969523425502
0.6358868618943516
0.6288667845071129
0.6218376214206608
0.6148002769533629
0.6077556587380407
0.6007046779465351
0.593648249503008
2.586587292286038
0.579522729319548
0.5724554879525952
0.5653865000280165
0.5583167020399306
0.5512470352800647
0.544178445972866
0.5371118853993464
0.530048310009594
0.5229886815238686
0.5159339670222012
0.5088851390223899
0.5018431755462894
0.4948090601742739
0.4877837820877525
0.4807683360996035
0.47376372267239175
0.4667709479242271
0.4597910236221178
0.4528249671626696
0.44587380153997913
0.43893855530056686
0.43202026248520015
0.4251199625574461
0.41823870031881005
0.41137752581030373
0.4045374942003038
0.3977196656585492
0.3909251052161517
0.38415488261148073
0.37741007212180827
0.37069175238058977
2.3640010061802874
0.35733892026063374
0.35070658508225855
0.34410509458560784
0.33753554593510376
0.33099903924849894
0.32449667731140897
0.3180295652770131
0.3115988103509358
0.30520552146134244
0.2988508089143026
0.29253578403448777
0.28626155879131315
0.28002924541063323
0.2738399559721409
0.26769480199263934
0.2615948939953851
0.2555413410657288
0.2495352503933007
0.2435777268010252
0.23766987226128058
0.2318127853995316
0.22600756098582372
0.22025528941452563
0.21455705617276447
0.20891394129801358
0.20332701882533522
0.19779735622480188
0.19232601382965955
0.18691404425583186
0.18156249181337814
0.17627239191056945
2.1710447704512674
0.1658806432263192
0.16078101529971808
0.15574688039030093
0.15077922024978416
0.14587900403796666
0.1410471876959569
0.13628471331829126
0.13159250852485344
0.12697148583350673
0.12242254203438392
0.11794655756678303
0.11354439589965072
0.10921690291662424
0.10496490630663655
0.10078921496108399
0.09669061837856295
0.09266988607819546
0.08872776702254803
0.08486498905116532
0.08108225832571798
0.07738025878777613
0.07375965163018697
0.07022107478304553
0.06676514241522141
0.06339244445237534
0.06010354611240745
0.05689898745922166
0.053779282975691026
0.05074492115666169
0.04779636412281414
0.044934047256152576
2.0421583788578728
0.03946973982930224
0.03686848337657716
0.034354934739670766
0.03192939094634616
0.029592120591551314
0.02734336364273321
0.02518333127149164
0.023112205711942314
0.021130140146102098
0.019237258616560917
0.017433655966639053
0.01571939780818529
0.014094520517099902
0.012559031256618025
0.011112908028332778
0.009756099750872656
0.008488526366097137
0.007310078972615892
0.006220619986380291
0.005219983328040692
0.004307974636715331
0.0034843715097508656
0.0027489237680178875
0.0021013537462278723
0.0015413566077080952
0.0010686006830317855
6.827278318514645E-4
3.833538272453028E-4
1.7006876184389296E-4
4.2437474971877754E-5
0.0
2.0000422720310738
1.687454083604446E-4
3.7888862091362945E-4
6.721473262577629E-4
0.001047944885744953
0.0015056829147378692
0.0020447418466542915
0.002664481509887604
0.0033642417166187635
0.004143342862521717
0.005001086536364957
0.005936756138502904
0.006949617507264346
0.008038919552236068
0.009203894893455512
0.010443760505529621
0.011757718365711664
0.013144956104980765
0.014604647661178369
0.016135953933284514
0.017738023435925326
0.019409992953230197
0.021150988191179994
0.022960124427602695
0.024836507159019888
0.026779232743544084
0.028787389039085072
0.030860056036128895
0.032996306484398
0.035195206512727076
0.03745581624151575
0.03977719038715668
2.0421583788578728
0.04459842734041691
0.04709637787713638
0.04965126943292601
0.05226213845162767
0.05492801940147122
0.05764794530918111
0.060420948282406586
0.06324606002015842
0.06612231231097702
0.06904873751858136
0.07202436905477382
0.0750482418394153
0.07811939274730655
0.08123686104183911
0.08439968879531114
0.08760692129582504
0.09085760744071246
0.09415080011644879
0.09748555656505688
0.10086093873700726
0.10427601363065189
0.1077298536182457
0.11122153675863282
0.11475014709668596
0.11831477494961576
0.12191451718027105
0.12554847745756956
0.12921576650422847
0.1329155023319461
0.1366468104642308
0.14040882414706488
2.144200684547605
0.14802154094114117
0.15187055088652326
0.15574688039030093
0.15964970405979823
0.16357820524538055
0.16753157617215264
0.17150901806134572
0.17550974124164917
0.1795329652507551
0.1835779189273645
0.18764384049393312
0.19172997763042557
0.19583558753933264
0.1999599370022297
0.20410230242814806
0.2082619698940111
0.21243823517741817
0.2166304037820321
0.2208377909558347
0.22505972170250785
0.22929553078620707
0.23354456272996874
0.23780617180801333
0.24207972203219244
0.24636458713281276
0.25066015053409163
0.25496580532446905
0.2592809542220156
0.26360500953515653
0.26793739311894155
0.27227753632707147
2.276624879959896
0.28097887420859935
0.28533897859575763
0.28970466191248495
0.29407540215235045
0.2984506864422527
0.30283001097044127
0.3072128809118515
0.3115988103509353
0.315987322202145
0.32037794812823805
0.32477022845655373
0.3291637120934187
0.33355795643682007
0.33795252728749203
0.3423469987585545
0.34674095318382514
0.35113398102494237
0.35552568077741203
0.35991565887570165
0.3643035295974921
0.3686889149671892
0.3730714446588122
0.37745075589834154
0.38182649336563595
0.38619830909600306
0.3905658623815068
0.3949288196721036
0.39928685447668266
0.40363964726408125
