%% ========================================================================
%% Programmatic octave notes on "Ripples in Mathematics" by A. Jensen
%% and A. la Cour-Harbo written with a deep gratitude to the authors for
%% this wonderful text. 
%% 
%% Reconstruction of graphs in Figure 4.15, CDF(4,4), slow variations removed
%%
%% Author: Vladimir Kulyukin
%% 
%% NB: I have tested this code in Octave 4.
%% =========================================================================
t = (1.0/1024.0)*[0:1023];

y_fig_4_15_p35 = [
-0.14029028885686712
1.954074277606323
-0.02267647952466978
-0.018116417366747406
-0.005384000101538833
-0.0017035809448868733
-0.005684463547136587
-0.011158762587637261
-0.0029986939855441985
-7.517335030369221E-4
-0.004142519077479534
-0.007623925391467834
-0.016372690699962833
-0.024920877988339862
-0.03316367855821234
-0.04244515665876136
-0.03667646695704785
-0.03572118309643102
-0.03952692323842322
-0.04270962964317371
-0.050568780171011296
-0.05773103155342496
-0.06416593211739041
-0.07127698589828713
-0.08294836489936008
-0.09381959173677479
-0.1038711682979625
-0.11451599079913644
-0.12430750058949647
-0.13466163144616905
-0.14556502897215395
-0.15662213174303474
-0.11399889039844369
1.9139678333835186
-0.07271234585202335
-0.055716922430250504
-0.053351207165970305
-0.04729389598848255
-0.0375377935975898
-0.02898328568273789
-0.03503055231706087
-0.03736008992255657
-0.035966343129713474
-0.03575119474788546
-0.03180260204421659
-0.02902302201886009
-0.027408052774833047
-0.025638669507699108
-0.03843225735830624
-0.04747147209245495
-0.05275274752982462
-0.059179802055689956
-0.061842289508524884
-0.06564423739289293
-0.07058269973746834
-0.07534000331165047
-0.07632119708307084
-0.07843081095115711
-0.08166636827594131
-0.08471063469981832
-0.08887618228790228
-0.09284595663144812
-0.09661784186435574
-0.10054211373351407
-0.08457446683141412
1.925968733343308
-0.0689106781175517
-0.06242691775594267
-0.06136227582116949
-0.05893107891555582
-0.0551317124996582
-0.05178037910564326
-0.053841795350611066
-0.05453047265416988
-0.05384497081751227
-0.053601656863834335
-0.05198139410977887
-0.05080061859026741
-0.05005802836004969
-0.049265281420004636
-0.0538744426418869
-0.05710028612364704
-0.058941619534743195
-0.061215043763753196
-0.06210164274070262
-0.06341806056105981
-0.06516319143890681
-0.06684887824112351
-0.06714335145790795
-0.06786332725887534
-0.0690077675593922
-0.07008857875693653
-0.07159182049633506
-0.07302942519203792
-0.07440040687219585
-0.07583430045392925
-0.06988553492316285
1.9340424330773538
-0.0640494495477325
-0.061640339211316286
-0.06124920895384445
-0.060355229182277315
-0.05895748103059051
-0.0577302575346158
-0.058517348471498476
-0.058797945100185656
-0.05857114719134726
-0.05851126428540365
-0.05794219595475247
-0.057538257008165616
-0.05729855778790949
-0.05704128914001649
-0.05879118327902333
-0.0600274492082995
-0.06074920089954572
-0.06163075868096257
-0.061996029624951876
-0.0625193328736986
-0.06319978005354521
-0.06385556035891482
-0.06399149687071837
-0.06428190247194876
-0.06472588132621893
-0.06514161401051932
-0.06570912029938869
-0.066246574860094
-0.06675307005981412
-0.0672761723664006
-0.06540538464147838
1.9358179737153294
-0.06360517427205403
-0.06285873596474445
-0.0627569448097327
-0.06248369902307238
-0.06203805731303624
-0.061637496336284125
-0.06187780722052483
-0.061942868225842385
-0.06183171763197726
-0.06176181124000546
-0.06151375365102196
-0.06130498972427889
-0.06113453587940226
-0.060942876700381565
-0.061384286017660605
-0.06164259807884631
-0.0617168067658293
-0.061824323192707975
-0.061745707081770185
-0.06169835832002579
-0.06168124836095473
-0.06163481692918815
-0.06139812791465343
-0.06118855939695195
-0.06100506133507211
-0.06078805232603596
-0.06059499843470617
-0.06036630839536933
-0.060100912469656265
-0.05981341843759219
-0.0617976509495089
1.9368614955470298
-0.06383489220824379
-0.06466653379996062
-0.064851525242414
-0.06516957941644247
-0.06561959620429347
-0.06599125539928147
-0.06571185922403655
-0.06556111051819463
-0.06553790035359064
-0.06543190100308505
-0.06545121856307645
-0.06538552364307942
-0.06523370401723982
-0.06505070724488266
-0.06420776954599594
-0.06348459044258348
-0.06288006084929487
-0.062183856155429984
-0.06160408895913441
-0.06093043986695987
-0.06016181025344175
-0.05935316498755264
-0.05865657145697564
-0.05786172675351367
-0.05696755083969343
-0.05602902931947079
-0.05498903508375519
-0.0539025674383187
-0.05276857376723776
-0.05157098862545012
-0.05782087885490092
1.9380037205288998
-0.06409617468320108
-0.06667068736505027
-0.06716769585997084
-0.06813734635408647
-0.06957866968759835
-0.07080713724866519
-0.06995425167564326
-0.06957021328648896
-0.069654109563339
-0.0695214710453279
-0.06985498996389043
-0.06997023017934705
-0.0698663458080606
-0.06972567190618892
-0.06749668157013751
-0.06572971323914999
-0.0644239973941044
-0.06289521240170148
-0.06182620309312936
-0.06053269063598456
-0.059013991088697065
-0.057452606003510376
-0.05634830737597153
-0.055016908366478046
-0.05345781904936929
-0.05185363695183587
-0.050020659264883124
-0.04814153425072874
-0.04621577341452667
-0.04419383632596577
-0.0539825302259819
1.9395031813610275
-0.06373632066360987
-0.0677425970312141
-0.06847340856435591
-0.06997037217272817
-0.0722332192613829
-0.07417868228745567
-0.07284766371730814
-0.07228189525428058
-0.07248122371635618
-0.07236249748552753
-0.07300864929389185
-0.07333658595418285
-0.07334627109050025
-0.07332789390382267
-0.07003239366630476
-0.06750173539677393
-0.06573599915337074
-0.06365226626206805
-0.062333701882332004
-0.06069744451809475
-0.05874368853023804
-0.05676285268562897
-0.0555480183746007
-0.05401643568702424
-0.05216840945957236
-0.05029446772588552
-0.048104772262097535
-0.045889903659343916
-0.043650271824994084
-0.04130855403828587
-0.05201667724387391
1.9408794310249229
-0.06262073739172845
-0.06698028904227322
-0.06773720323168801
-0.06935463163611975
-0.07183317264020585
-0.07397770243306728
-0.07252202952627278
-0.07192938914514044
-0.07220046089399638
-0.07214019980661089
-0.07294506586009077
-0.07342004983864601
-0.07356590283268985
-0.07370379069453041
-0.07024726631717723
-0.06765970276087617
-0.06594191239464811
-0.06389897790319037
-0.06272748176498422
-0.061232532087942215
-0.059414992087935055
-0.05759613453132739
-0.05665218904540694
-0.05538830675619083
-0.053805391305566594
-0.052224753307970016
-0.05032691430056949
-0.04843320000598811
-0.046544544295391246
-0.044576036536458065
-0.053151872285315115
1.941173736394956
-0.06160016480889226
-0.06507757645013396
-0.0656564169682527
-0.06694069251502827
-0.06893136862223093
-0.07066397990934434
-0.06950188402688941
-0.06904909187147695
-0.0693065716545667
-0.06930985865864782
-0.07002535182570978
-0.0704885838820998
-0.07070051795301723
-0.0709208015946158
-0.06825409567322223
-0.06630439749635567
-0.06507265816668446
-0.06359439244394145
-0.0628359754398957
-0.061832912850284735
-0.06058613767675666
-0.05935526436660189
-0.05884796039522282
-0.05809970936395478
-0.05711142095558727
-0.05614268512681675
-0.054935711389180186
-0.053750075839505695
-0.05258666046609506
-0.05137702482105008
-0.05640422303600992
1.9402778075903244
-0.06133178366675676
-0.06336321045579085
-0.06368793556284114
-0.06443615558797045
-0.06560868718081353
-0.06663577482086011
-0.06595940937489764
-0.06570975172162341
-0.06588758232334549
-0.0659231090459573
-0.06638765696240873
-0.0667114150973295
-0.0668951262482291
-0.06709240560776658
-0.06559228688069482
-0.06452485519747694
-0.06389081478051378
-0.06312029683073697
-0.06278454939557035
-0.06231368417592639
-0.061708366407649706
-0.06112213354193849
-0.06097331262574335
-0.06069197635180687
-0.06027875098982241
-0.05988713508980742
-0.05936485358908733
-0.05886538574382605
-0.058389319245598315
-0.057896267637821075
-0.05977068915888112
1.9389985314428047
-0.06158915564157963
