%% ========================================================================
%% Programmatic octave notes on "Ripples in Mathematics" by A. Jensen
%% and A. la Cour-Harbo written with a deep gratitude to the authors for
%% this wonderful text. 
%% 
%% Reconstruction of graphs in Figure 4.15, top, p.35, Ch 04, S6.
%%
%% Author: Vladimir Kulyukin
%% 
%% NB: I have tested this code in Octave 4.
%% =========================================================================
t = (1.0/1024.0)*[0:1023];

y_fig_4_15_p35 = [
-0.14029028885686712
1.954074277606323
-0.022676479524669557
-0.018116417366747184
-0.005384000101538722
-0.0017035809448866512
-0.005684463547136476
-0.011158762587637261
-0.0029986939855437544
-7.51733503036256E-4
-0.00414251907747909
-0.007623925391467168
-0.01637269069996239
-0.024920877988339196
-0.033163678558211895
-0.0424451566587607
-0.036676466957047626
-0.0357211830964308
-0.03952692323842322
-0.04270962964317393
-0.050568780171011296
-0.05773103155342496
-0.06416593211739041
-0.07127698589828713
-0.08294836489936008
-0.09381959173677479
-0.1038711682979625
-0.11451599079913644
-0.12430750058949647
-0.13466163144616905
-0.14556502897215395
-0.15662213174303474
-0.11399889039844369
1.9139678333835186
-0.07271234585202335
-0.055716922430250504
-0.053351207165970305
-0.04729389598848255
-0.0375377935975898
-0.02898328568273789
-0.03503055231706087
-0.03736008992255657
-0.035966343129713474
-0.03575119474788546
-0.031802602044216366
-0.029023022018859868
-0.027408052774832825
-0.025638669507698886
-0.03843225735830602
-0.047471472092454725
-0.05275274752982462
-0.05917980205569018
-0.061842289508524884
-0.06564423739289293
-0.07058269973746834
-0.07534000331165047
-0.07632119708307084
-0.07843081095115711
-0.08166636827594131
-0.08471063469981832
-0.08887618228790228
-0.09284595663144812
-0.09661784186435574
-0.10054211373351407
-0.08457446683141412
1.925968733343308
-0.0689106781175517
-0.06242691775594267
-0.06136227582116949
-0.05893107891555582
-0.0551317124996582
-0.05178037910564326
-0.053841795350611066
-0.05453047265416988
-0.05384497081751227
-0.053601656863834335
-0.05198139410977887
-0.05080061859026741
-0.05005802836004947
-0.04926528142000419
-0.05387444264188668
-0.05710028612364715
-0.05894161953474286
-0.06121504376375286
-0.0621016427407024
-0.06341806056105959
-0.06516319143890681
-0.06684887824112362
-0.06714335145790784
-0.06786332725887534
-0.06900776755939186
-0.07008857875693619
-0.07159182049633472
-0.07302942519203737
-0.0744004068721954
-0.07583430045392858
-0.0698855349231624
1.934042433077354
-0.06404944954773206
-0.061640339211316175
-0.061249208953844225
-0.06035522918227709
-0.058957481030590175
-0.05773025753461536
-0.058517348471498254
-0.058797945100185434
-0.05857114719134715
-0.05851126428540343
-0.05794219595475214
-0.05753825700816495
-0.057298557787909044
-0.05704128914001594
-0.058791183279022996
-0.06002744920829928
-0.0607492008995455
-0.06163075868096268
-0.061996029624951765
-0.06251933287369837
-0.06319978005354498
-0.06385556035891471
-0.06399149687071826
-0.06428190247194865
-0.0647258813262187
-0.06514161401051899
-0.06570912029938847
-0.06624657486009389
-0.0667530700598139
-0.06727617236640038
-0.06540538464147827
1.9358179737153296
-0.06360517427205392
-0.06285873596474445
-0.0627569448097326
-0.06248369902307216
-0.06203805731303613
-0.0616374963362839
-0.06187780722052483
-0.061942868225842385
-0.06183171763197726
-0.06176181124000535
-0.06151375365102196
-0.06130498972427878
-0.06113453587940226
-0.060942876700381565
-0.061384286017660494
-0.0616425980788462
-0.06171680676582908
-0.06182432319270775
-0.06174570708176996
-0.06169835832002557
-0.06168124836095451
-0.061634816929187874
-0.06139812791465327
-0.06118855939695178
-0.061005061335072
-0.0607880523260359
-0.06059499843470606
-0.06036630839536927
-0.060100912469656154
-0.05981341843759208
-0.06179765094950879
1.93686149554703
-0.06383489220824368
-0.0646665337999604
-0.06485152524241383
-0.0651695794164423
-0.06561959620429325
-0.0659912553992813
-0.06571185922403644
-0.06556111051819458
-0.06553790035359058
-0.06543190100308494
-0.06545121856307629
-0.06538552364307931
-0.06523370401723966
-0.06505070724488249
-0.06420776954599583
-0.06348459044258342
-0.06288006084929482
-0.06218385615542993
-0.06160408895913436
-0.06093043986695981
-0.060161810253441694
-0.059353164987552526
-0.05865657145697559
-0.057861726753513615
-0.05696755083969343
-0.05602902931947079
-0.05498903508375519
-0.0539025674383187
-0.05276857376723776
-0.05157098862545012
-0.05782087885490092
1.9380037205288998
-0.06409617468320106
-0.06667068736505022
-0.06716769585997082
-0.06813734635408644
-0.0695786696875983
-0.07080713724866508
-0.0699542516756432
-0.06957021328648894
-0.06965410956333898
-0.0695214710453279
-0.0698549899638904
-0.06997023017934705
-0.0698663458080606
-0.06972567190618886
-0.06749668157013745
-0.06572971323914993
-0.0644239973941044
-0.06289521240170146
-0.061826203093129334
-0.06053269063598453
-0.05901399108869701
-0.05745260600351035
-0.056348307375971504
-0.05501690836647803
-0.05345781904936926
-0.05185363695183584
-0.050020659264883124
-0.04814153425072874
-0.04621577341452667
-0.04419383632596577
-0.0539825302259819
1.9395031813610275
-0.06373632066360987
-0.0677425970312141
-0.06847340856435591
-0.06997037217272817
-0.0722332192613829
-0.07417868228745567
-0.07284766371730814
-0.07228189525428058
-0.07248122371635618
-0.07236249748552753
-0.07300864929389185
-0.07333658595418285
-0.07334627109050025
-0.07332789390382267
-0.07003239366630476
-0.06750173539677393
-0.06573599915337072
-0.06365226626206805
-0.06233370188233198
-0.060697444518094695
-0.05874368853023799
-0.05676285268562892
-0.05554801837460066
-0.05401643568702421
-0.05216840945957232
-0.050294467725885486
-0.048104772262097494
-0.045889903659343874
-0.04365027182499404
-0.04130855403828584
-0.052016677243873884
1.9408794310249229
-0.06262073739172842
-0.06698028904227322
-0.067737203231688
-0.06935463163611975
-0.07183317264020586
-0.0739777024330673
-0.07252202952627279
-0.07192938914514044
-0.07220046089399638
-0.07214019980661089
-0.07294506586009078
-0.07342004983864601
-0.07356590283268986
-0.07370379069453042
-0.07024726631717726
-0.06765970276087618
-0.06594191239464814
-0.06389897790319042
-0.06272748176498424
-0.06123253208794224
-0.059414992087935097
-0.05759613453132745
-0.05665218904540698
-0.055388306756190886
-0.05380539130556665
-0.05222475330797007
-0.05032691430056955
-0.04843320000598819
-0.046544544295391316
-0.04457603653645812
-0.05315187228531517
1.9411737363949557
-0.061600164808892285
-0.06507757645013398
-0.06565641696825271
-0.06694069251502827
-0.06893136862223093
-0.07066397990934431
-0.06950188402688938
-0.06904909187147695
-0.06930657165456673
-0.06930985865864787
-0.0700253518257098
-0.07048858388209983
-0.07070051795301725
-0.07092080159461586
-0.06825409567322226
-0.06630439749635567
-0.06507265816668446
-0.06359439244394145
-0.06283597543989568
-0.06183291285028471
-0.060586137676756635
-0.059355264366601865
-0.05884796039522279
-0.058099709363954755
-0.05711142095558727
-0.05614268512681675
-0.054935711389180186
-0.053750075839505695
-0.05258666046609506
-0.05137702482105008
-0.05640422303600992
1.9402778075903244
-0.061331783666756734
-0.0633632104557908
-0.06368793556284114
-0.06443615558797045
-0.06560868718081353
-0.06663577482086011
-0.06595940937489758
-0.06570975172162336
-0.06588758232334538
-0.06592310904595719
-0.06638765696240856
-0.06671141509732934
-0.06689512624822888
-0.06709240560776641
-0.0655922868806946
-0.06452485519747678
-0.06389081478051362
-0.06312029683073686
-0.06278454939557018
-0.06231368417592617
-0.06170836640764954
-0.06112213354193838
-0.06097331262574324
-0.060691976351806703
-0.060278750989822355
-0.059887135089807364
-0.059364853589087274
-0.05886538574382599
-0.05838931924559837
-0.05789626763782113
-0.05977068915888106
1.9389985314428049
-0.061589155641579574
-0.06234126662653111
