%% ========================================================================
%% Programmatic octave notes on "Ripples in Mathematics" by A. Jensen
%% and A. la Cour-Harbo written with a deep gratitude to the authors for
%% this wonderful text. 
%% 
%% Reconstruction of graphs in Figure 4.15, HWT, with slow variations removed
%%
%% Author: Vladimir Kulyukin
%% 
%% NB: I have tested this code in Octave 4.
%% =========================================================================
t = (1.0/1024.0)*[0:1023];

y_fig_4_15_p35 = [
-0.39991214317820767
1.7356167993133038
-0.21568378349140394
-0.18146293935143654
-0.15478394180621913
-0.13294633471379802
-0.11455942172451805
-0.09879415409449455
-0.08510872052391316
-0.07312578741715758
-0.06256999271159147
-0.05323304766657633
-0.04495285396030746
-0.0376003111549259
-0.031070610552045297
-0.025277279451580537
-0.020147982250889207
-0.015621483235534361
-0.011645400567028119
-0.008174513082285673
-0.005169462064869457
-0.002595740823035042
-4.228976837574727E-4
0.0013761002668490896
0.002825380653040721
0.0039465842818848795
0.004759209265950748
0.005280896338290875
0.005527667200440067
0.0055141250245374085
0.005253624207582908
0.004758414953694334
-0.023770153814268724
1.975298155819054
-0.025836962518355877
-0.027166595673133065
-0.028682461938631443
-0.03037684976560384
-0.0322425638538526
-0.03427287756618802
-0.0364614907809262
-0.0388024924415189
-0.041290327178454156
-0.043919765474450534
-0.04668587692328696
-0.0495840061984818
-0.05260975140305124
-0.05575894451765051
-0.05902763370321895
-0.06241206724701076
-0.06590867896870511
-0.06951407492694073
-0.07322502128682706
-0.07703843322629234
-0.08095136477401055
-0.084960999484472
-0.08906464186685237
-0.09325970949394469
-0.09754372572578007
-0.10191431298984543
-0.10636918656616268
-0.11090614883107874
-0.11552308391849309
-0.12021795276156699
0.022079029857087096
2.017234126243568
0.012316989828501934
0.0073293955481245066
0.002273061674946897
-0.0028503469151708316
-0.008039215682784762
-0.013291977555195733
-0.018607110232553126
-0.02398313365628235
-0.02941860762757531
-0.034912129564762306
-0.04046233238935193
-0.04606788253139993
-0.05172747804565492
-0.05743984683064696
-0.0632037449435302
-0.06901795500407215
-0.07488128468172994
-0.08079256526021605
-0.08675065027442186
-0.09275441421494968
-0.09880275129588101
-0.10489457428174609
-0.11102881336995862
-0.11720441512526858
-0.1234203414630416
-0.12967556867840635
-0.13596908651853878
-0.1422998972955395
-0.1486670150375593
-0.15506946467598548
0.04179573046760365
2.035325502490962
0.02882281003301057
0.0222885920241489
0.01572378008063602
0.009129299138806002
0.0025060680646838973
-0.004144999759795098
-0.010822995872838859
-0.01752701619009933
-0.024256160482246103
-0.031009531871932228
-0.03778623634932243
-0.04458538230542164
-0.051406080082496586
-0.05824744154094419
-0.06510857964199879
-0.07198860804573504
-0.07888664072385332
-0.08580179158678702
-0.09273317412470461
-0.09967990106202451
-0.10664108402508887
-0.1136158332226862
-0.12060325713912878
-0.12760246223964322
-0.13461255268784178
-0.14163263007508053
-0.1486617931615326
-0.15569913762883048
-0.16274375584415268
-0.16979473663565825
0.04643007861333959
2.039369121396369
0.03230455842987956
0.025237317062926756
0.018168329138348094
0.011098531150262159
0.004028864390396292
-0.0030397249168023777
-0.010106285490321998
-0.01716986088007444
-0.024229489365799828
-0.03128420386746722
-0.038333031867278544
-0.045374995343378965
-0.0524091107153945
-0.05943438880191587
-0.06644983479006489
-0.07345444821727665
-0.08044722296544132
-0.08742714726755058
-0.09439320372699878
-0.10134436934968927
-0.10827961558910154
-0.11519790840446825
-0.12209820833222229
-0.12897947057085835
-0.13584064507936466
-0.14268067668936457
-0.14949850523111918
-0.1562930656735167
-0.16306328827818767
-0.16980809876786013
0.035525711257915316
2.028834965057613
0.02217287913795929
0.015540543959584097
0.008939053462933388
0.0023695048124293128
-0.004167001874175513
-0.010669363811265486
-0.01713647584566136
-0.023567230771738668
-0.029960519661332008
-0.03631523220837185
-0.042630257088186685
-0.0489044823313613
-0.05513679571204122
-0.06132608515053356
-0.06747123913003511
-0.07357114712728935
-0.07962470005694566
-0.08563079072937374
-0.09158831432164924
-0.09749616886139387
-0.10335325572314286
-0.10915848013685073
-0.11491075170814882
-0.12060898494990999
-0.12625209982466087
-0.13183902229733924
-0.13736868489787257
-0.1428400272930149
-0.1482519968668426
-0.15360354930929632
0.007646093992591724
2.00241847253329
-0.0027456546916585223
-0.007845282618259647
-0.012879417527676795
-0.017847077668193573
-0.022747293880011066
-0.027579110222020836
-0.032341584599686474
-0.037033789393124295
-0.041654812084471
-0.04620375588359381
-0.0506797403511947
-0.05508190201832701
-0.05940939500135349
-0.06366139161134118
-0.06783708295689374
-0.07193567953941478
-0.07595641183978227
-0.0798985308954297
-0.0837613088668124
-0.08754403959225975
-0.0912460391302016
-0.09486664628779076
-0.0984052231349322
-0.10186115550275632
-0.10523385346560239
-0.10852275180557028
-0.11172731045875607
-0.1148470149422867
-0.11788137676131605
-0.12082993379516359
-0.033183433550552074
1.964040898051168
-0.03864774097740241
-0.04124899743012749
-0.043762546067033885
-0.04618808986035849
-0.048525360215153336
-0.05077411716397144
-0.05293414953521301
-0.055005275094762336
-0.056987340660602556
-0.05888022219014373
-0.0606838248400656
-0.06239808299851936
-0.06402296028960475
-0.06555844955008662
-0.06700457277837188
-0.06836138105583199
-0.06962895444060752
-0.07080740183408876
-0.07189686082032436
-0.07289749747866396
-0.07380950616998933
-0.07463310929695378
-0.07536855703868676
-0.07601612706047678
-0.07657612419899655
-0.07704888012367286
-0.07743475297485318
-0.07773412697945935
-0.07794741204486076
-0.07807504333173278
-0.07548185761080115
1.9245604144202726
-0.0753131122024407
-0.07510296898988751
-0.07480971028454338
-0.07443391272505619
-0.07397617469606328
-0.07343711576414685
-0.07281737610091354
-0.07211761589418238
-0.07133851474827943
-0.07048077107443619
-0.06954510147229824
-0.0685322401035368
-0.06744293805856508
-0.06627796271734564
-0.06503809710527153
-0.06372413924508948
-0.06233690150582038
-0.06087720994962278
-0.05934590367751663
-0.057743834174875816
-0.05607186465757095
-0.05433086941962115
-0.05252173318319845
-0.05064535045178126
-0.04870262486725706
-0.04669446857171607
-0.04462180157467225
-0.04248555112640315
-0.04028665109807407
-0.0380260413692854
-0.1074503590758335
1.8949308293948826
-0.10262912212257327
-0.1001311715858538
-0.09757628003006417
-0.09496541101136252
-0.09229953006151898
-0.08957960415380908
-0.0868066011805836
-0.08398148944283176
-0.08110523715201316
-0.07817881194440883
-0.07520318040821637
-0.07217930762357488
-0.06910815671568364
-0.06599068842115108
-0.06282786066767905
-0.05962062816716515
-0.05636994202227773
-0.0530767493465414
-0.04974199289793331
-0.04636661072598293
-0.042951535832338295
-0.03949769584474448
-0.03600601270435737
-0.032477402366304226
-0.02891277451337443
-0.02531303228271914
-0.02167907200542063
-0.018011782958761713
-0.014312047131044087
-0.010580738998759387
-0.12487796534358578
1.8789138950569542
-0.11726524854950948
-0.11341623860412739
-0.10953990910034972
-0.10563708543085243
-0.1017085842452701
-0.09775521331849801
-0.09377777142930493
-0.08977704824900148
-0.08575382423989555
-0.08170887056328616
-0.07764294899671753
-0.07355681186022509
-0.06945120195131801
-0.06532685248842096
-0.061184487062502596
-0.05702481959663955
-0.05284855431323249
-0.04865638570861855
-0.04444899853481596
-0.040227067788142806
-0.035991258704443585
-0.03174222676068192
-0.02748061768263732
-0.023207067458458214
-0.018922202357837897
-0.014626638956559024
-0.010320984166181602
-0.0060058352686350736
-0.0016817799554941226
0.002650603628290893
-0.13036350135413932
1.8739838422786852
-0.12166216347261144
