%% ========================================================================
%% Programmatic octave notes on "Ripples in Mathematics" by A. Jensen
%% and A. la Cour-Harbo written with a deep gratitude to the authors for
%% this wonderful text. 
%% 
%% Reconstruction of graphs Figure 4.8, d6, p. 30, Ch 04.
%%
%% Author: Vladimir Kulyukin
%% 
%% NB: I have tested this code in Octave 4.
%%
%% The numbers below were computed by my Java OneDHaar class methods
%% available at https://github.com/VKEDCO/java/blob/master/haar/org.vkedco.wavelets.haar/OneDHaar.java &
%% https://github.com/VKEDCO/java/blob/master/haar/org.vkedco.wavelets.tests/RipplesInMathCh04.java
%% =========================================================================
t = [0:511];

y_fig_4_8_s06_d6_d07_d08_p30_inverted = [
0.004483562305681254
0.004483562305681254
0.004483562305681254
0.004483562305681254
-0.004483562305681254
-0.004483562305681254
-0.004483562305681254
-0.004483562305681254
-0.1369806343291008
-0.1369806343291008
-0.1369806343291008
-0.1369806343291008
0.1369806343291008
0.1369806343291008
0.1369806343291008
0.1369806343291008
-0.10291333532667654
-0.10291333532667654
-0.10291333532667654
-0.10291333532667654
0.10291333532667654
0.10291333532667654
0.10291333532667654
0.10291333532667654
-0.1383059263473889
-0.1383059263473889
-0.1383059263473889
-0.1383059263473889
0.1383059263473889
0.1383059263473889
0.1383059263473889
0.1383059263473889
-0.005176729302950655
-0.005176729302950655
-0.005176729302950655
-0.005176729302950655
0.005176729302950655
0.005176729302950655
0.005176729302950655
0.005176729302950655
0.028201796832929334
0.028201796832929334
0.028201796832929334
0.028201796832929334
-0.028201796832929334
-0.028201796832929334
-0.028201796832929334
-0.028201796832929334
-0.03873833764994871
-0.03873833764994871
-0.03873833764994871
-0.03873833764994871
0.03873833764994871
0.03873833764994871
0.03873833764994871
0.03873833764994871
0.06703330604872203
0.06703330604872203
0.06703330604872203
0.06703330604872203
-0.06703330604872203
-0.06703330604872203
-0.06703330604872203
-0.06703330604872203
0.036224508184707564
0.036224508184707564
0.036224508184707564
0.036224508184707564
-0.036224508184707564
-0.036224508184707564
-0.036224508184707564
-0.036224508184707564
-0.14676626819951252
-0.14676626819951252
-0.14676626819951252
-0.14676626819951252
0.14676626819951252
0.14676626819951252
0.14676626819951252
0.14676626819951252
-0.002152622335516052
-0.002152622335516052
-0.002152622335516052
-0.002152622335516052
0.002152622335516052
0.002152622335516052
0.002152622335516052
0.002152622335516052
0.003870359193524852
0.003870359193524852
0.003870359193524852
0.003870359193524852
-0.003870359193524852
-0.003870359193524852
-0.003870359193524852
-0.003870359193524852
0.030939538640644356
0.030939538640644356
0.030939538640644356
0.030939538640644356
-0.030939538640644356
-0.030939538640644356
-0.030939538640644356
-0.030939538640644356
0.04326945313301466
0.04326945313301466
0.04326945313301466
0.04326945313301466
-0.04326945313301466
-0.04326945313301466
-0.04326945313301466
-0.04326945313301466
0.0015798903679776208
0.0015798903679776208
0.0015798903679776208
0.0015798903679776208
-0.0015798903679776208
-0.0015798903679776208
-0.0015798903679776208
-0.0015798903679776208
0.036954941551714464
0.036954941551714464
0.036954941551714464
0.036954941551714464
-0.036954941551714464
-0.036954941551714464
-0.036954941551714464
-0.036954941551714464
0.07538319538515108
0.07538319538515108
0.07538319538515108
0.07538319538515108
-0.07538319538515108
-0.07538319538515108
-0.07538319538515108
-0.07538319538515108
0.06922889115652539
0.06922889115652539
0.06922889115652539
0.06922889115652539
-0.06922889115652539
-0.06922889115652539
-0.06922889115652539
-0.06922889115652539
-0.008116117936542126
-0.008116117936542126
-0.008116117936542126
-0.008116117936542126
0.008116117936542126
0.008116117936542126
0.008116117936542126
0.008116117936542126
0.12685041557208962
0.12685041557208962
0.12685041557208962
0.12685041557208962
-0.12685041557208962
-0.12685041557208962
-0.12685041557208962
-0.12685041557208962
0.12000486003531476
0.12000486003531476
0.12000486003531476
0.12000486003531476
-0.12000486003531476
-0.12000486003531476
-0.12000486003531476
-0.12000486003531476
0.01379252012859855
0.01379252012859855
0.01379252012859855
0.01379252012859855
-0.01379252012859855
-0.01379252012859855
-0.01379252012859855
-0.01379252012859855
-0.017896098447013672
-0.017896098447013672
-0.017896098447013672
-0.017896098447013672
0.017896098447013672
0.017896098447013672
0.017896098447013672
0.017896098447013672
-0.015417245577291013
-0.015417245577291013
-0.015417245577291013
-0.015417245577291013
0.015417245577291013
0.015417245577291013
0.015417245577291013
0.015417245577291013
-0.06588361323813417
-0.06588361323813417
-0.06588361323813417
-0.06588361323813417
0.06588361323813417
0.06588361323813417
0.06588361323813417
0.06588361323813417
0.3438568831808161
0.3438568831808161
0.3438568831808161
0.3438568831808161
-0.3438568831808161
-0.3438568831808161
-0.3438568831808161
-0.3438568831808161
0.0018366417842362033
0.0018366417842362033
0.0018366417842362033
0.0018366417842362033
-0.0018366417842362033
-0.0018366417842362033
-0.0018366417842362033
-0.0018366417842362033
0.02899015977967267
0.02899015977967267
0.02899015977967267
0.02899015977967267
-0.02899015977967267
-0.02899015977967267
-0.02899015977967267
-0.02899015977967267
-0.06410301844896668
-0.06410301844896668
-0.06410301844896668
-0.06410301844896668
0.06410301844896668
0.06410301844896668
0.06410301844896668
0.06410301844896668
-0.06206808840416165
-0.06206808840416165
-0.06206808840416165
-0.06206808840416165
0.06206808840416165
0.06206808840416165
0.06206808840416165
0.06206808840416165
-0.0769883782487958
-0.0769883782487958
-0.0769883782487958
-0.0769883782487958
0.0769883782487958
0.0769883782487958
0.0769883782487958
0.0769883782487958
-0.03862487128695772
-0.03862487128695772
-0.03862487128695772
-0.03862487128695772
0.03862487128695772
0.03862487128695772
0.03862487128695772
0.03862487128695772
0.01605029377908165
0.01605029377908165
0.01605029377908165
0.01605029377908165
-0.01605029377908165
-0.01605029377908165
-0.01605029377908165
-0.01605029377908165
-0.05224339501261332
-0.05224339501261332
-0.05224339501261332
-0.05224339501261332
0.05224339501261332
0.05224339501261332
0.05224339501261332
0.05224339501261332
0.03299427970014395
0.03299427970014395
0.03299427970014395
0.03299427970014395
-0.03299427970014395
-0.03299427970014395
-0.03299427970014395
-0.03299427970014395
-0.09843024839433227
-0.09843024839433227
-0.09843024839433227
-0.09843024839433227
0.09843024839433227
0.09843024839433227
0.09843024839433227
0.09843024839433227
-0.012692562869013654
-0.012692562869013654
-0.012692562869013654
-0.012692562869013654
0.012692562869013654
0.012692562869013654
0.012692562869013654
0.012692562869013654
0.023197553024834502
0.023197553024834502
0.023197553024834502
0.023197553024834502
-0.023197553024834502
-0.023197553024834502
-0.023197553024834502
-0.023197553024834502
-0.012770315733896751
-0.012770315733896751
-0.012770315733896751
-0.012770315733896751
0.012770315733896751
0.012770315733896751
0.012770315733896751
0.012770315733896751
-0.03233821314983098
-0.03233821314983098
-0.03233821314983098
-0.03233821314983098
0.03233821314983098
0.03233821314983098
0.03233821314983098
0.03233821314983098
-0.02102593768321181
-0.02102593768321181
-0.02102593768321181
-0.02102593768321181
0.02102593768321181
0.02102593768321181
0.02102593768321181
0.02102593768321181
0.07225734075803857
0.07225734075803857
0.07225734075803857
0.07225734075803857
-0.07225734075803857
-0.07225734075803857
-0.07225734075803857
-0.07225734075803857
0.02128528523329631
0.02128528523329631
0.02128528523329631
0.02128528523329631
-0.02128528523329631
-0.02128528523329631
-0.02128528523329631
-0.02128528523329631
-0.00947999535690319
