%% ========================================================================
%% Programmatic octave notes on "Ripples in Mathematics" by A. Jensen
%% and A. la Cour-Harbo written with a deep gratitude to the authors for
%% this wonderful text. 
%% 
%% Reconstruction of graphs in Figure 4.13, top, p.34, Ch 04, D10.
%%
%% Author: Vladimir Kulyukin
%% 
%% NB: I have tested this code in Octave 4.
%% =========================================================================
t = [0:1023];

y_fig_4_13_d10_p34 = [
-0.8080418907158531
0.595049853746475
-0.3601798815797091
0.20695947513429375
0.002550740329556848
-0.0019845285882585948
0.0012914730742914183
-0.001071804964548376
8.128915011009863E-4
-7.004436916392314E-4
5.712398569353373E-4
-5.04570359768013E-4
4.2937045564433573E-4
-3.8600646369100594E-4
3.3777789116990576E-4
-3.0770418048523636E-4
2.746256485242351E-4
-2.5276126223416825E-4
2.2892698753601898E-4
-2.124444364620741E-4
1.9460948599416613E-4
-1.8182175877665387E-4
1.6807070205355435E-4
-1.5791483998973656E-4
1.470517985329657E-4
-1.3882798650076118E-4
1.3007184383861703E-4
-1.2330238613383256E-4
1.1612362301370143E-4
-1.1047240849945709E-4
0.12510450071202975
0.21640662587560897
-0.7499053054815459
0.5668966828023699
-0.37491366946543714
0.21642353803022413
7.912752289012327E-5
-7.606827217414926E-5
7.287061346411238E-5
-7.01895004200918E-5
6.739311354132181E-5
-6.502693447061985E-5
6.256392850016756E-5
-6.04622854391227E-5
5.827868713064264E-5
-5.640094996953758E-5
5.445336713765271E-5
-5.276645189780679E-5
5.101964190237992E-5
-4.949636217788799E-5
4.792143364317477E-5
-4.653926109235781E-5
4.5112325966566874E-5
-4.3852447044856414E-5
4.255359773964084E-5
-4.140018788565677E-5
4.0212712314541255E-5
-3.9152371730556514E-5
3.8062144627352706E-5
-3.708345553233583E-5
3.607846193083534E-5
-3.517163808399968E-5
0.12503424159693183
0.21647295274216694
-0.7499674657316456
0.5669555511089905
-0.37496905848450673
0.21647614693933667
2.9450321677190592E-5
-2.875700763678592E-5
2.8049307626361723E-5
-2.7395296786966528E-5
2.672848018382552E-5
-2.6109455341613576E-5
2.5479025221538018E-5
-2.4891160177923896E-5
2.4293136024936834E-5
-2.3733026184289198E-5
2.316387035811582E-5
-2.2628474609529016E-5
2.2085030846294163E-5
-2.1571622682625864E-5
2.105106443178499E-5
-2.0557190669550688E-5
2.005697751196357E-5
-1.9580423299922406E-5
1.9098264042593927E-5
-1.863702309905641E-5
1.8170844413517032E-5
-1.7723093632003263E-5
1.7271013317734114E-5
-1.683509103968107E-5
1.639539516438008E-5
-1.5969782545735713E-5
0.12501554090585276
0.21649122673525872
-0.7499852952800694
0.5669730024442602
-0.3749861157576734
0.21649286929948328
1.3077084004500447E-5
-1.267986203416955E-5
1.228104096272714E-5
-1.1888187817879324E-5
1.1494076133963837E-5
-1.1104661381792199E-5
1.0714303787998547E-5
-1.0327464927041727E-5
9.939976110662318E-6
-9.554912960942665E-6
9.169471685185798E-6
-8.785441595011475E-6
8.401285642335122E-6
-8.017599414911112E-6
7.634021280552504E-6
-7.250039737381864E-6
6.866382985394892E-6
-6.481514096208615E-6
6.0971703043423035E-6
-5.7108668225989564E-6
5.32527305229968E-6
-4.937030602832414E-6
4.549667338332577E-6
-4.159022910865039E-6
3.7694124191042487E-6
-3.3759432267541126E-6
0.12500298364829496
0.21650376397514662
-0.74999780840602
0.5669855067437515
-0.37499860745363034
0.21650536248814106
5.858796583827727E-7
-1.77665612527977E-7
-2.2895475957975774E-7
6.415228030822132E-7
-1.0524279508920865E-6
1.469539109914364E-6
-1.8849327165374767E-6
2.3067363159789338E-6
-2.7267825284488614E-6
3.1533873983850938E-6
-3.5782101687114085E-6
4.009683825326083E-6
-4.439366126978175E-6
4.8757338563650125E-6
-5.310316794233415E-6
5.751560664729526E-6
-6.191042504872474E-6
6.637100331817904E-6
-7.081435474708377E-6
7.532199762017335E-6
-7.981297682785316E-6
8.436614568148249E-6
-8.890338750917494E-6
9.350006980687718E-6
-9.808173872371126E-6
1.0271943834073862E-5
0.12498926567815473
0.2165175528407962
-0.750011668203268
0.5669994373379116
-0.3750126091389554
0.2165194341664649
-1.3556348631216297E-5
1.4033034013501552E-5
-1.4508949966516831E-5
1.4987737468660492E-5
-1.5465958016216184E-5
1.5946294467099745E-5
-1.6426285120763362E-5
1.690756630722089E-5
-1.738874132968385E-5
1.787031256156847E-5
-1.8352035413979346E-5
1.8833192410882736E-5
-1.9314776509693207E-5
1.9794766642486426E-5
-2.0275476464929738E-5
2.0753500369033207E-5
-2.1232552920332162E-5
2.1707766508034495E-5
-2.2184333182565054E-5
2.265585006830561E-5
-2.3129058918571734E-5
2.3595953271263806E-5
-2.406489169980388E-5
2.4526201533424662E-5
-2.4989919422253732E-5
2.5444650326698013E-5
0.12497409783639213
0.21653270023902746
-0.7500267995875832
0.5670145361767616
-0.37502768010553394
0.21653445982017527
-2.854159239258222E-5
2.8959569882516453E-5
-2.9381894530830968E-5
2.9787995363201717E-5
-3.019884120300811E-5
3.059197843398237E-5
-3.0990256663953105E-5
3.1369348424467315E-5
-3.1753972886279885E-5
3.2117949025743866E-5
-3.2487842780479094E-5
3.283565169436235E-5
-3.318975380468902E-5
3.3520369386146824E-5
-3.3857641847533555E-5
3.4170070494805624E-5
-3.448950524771912E-5
3.4782792858415606E-5
-3.5083418815999055E-5
3.5356657690156756E-5
-3.5637547701191154E-5
3.5889883280666024E-5
-3.6150160958521486E-5
3.638079832170187E-5
-3.6619644656585156E-5
3.6827854691995304E-5
0.12496295548563023
0.21654358058566267
-0.7500374234269034
0.5670248829943864
-0.37503775519110893
0.21654424343247453
-3.8038777638248395E-5
3.815149531726417E-5
-3.827332752658283E-5
3.836114384572395E-5
-3.8458159475497705E-5
3.8520842810595826E-5
-3.859277574673741E-5
3.8630188701834975E-5
-3.867686658202855E-5
3.8688967291035504E-5
-3.871031309510986E-5
3.8697155734671834E-5
-3.869318858714143E-5
3.865492309810734E-5
-3.862575827878523E-5
3.856262929771508E-5
-3.850847745611016E-5
3.842082247391435E-5
-3.8341988061777827E-5
3.8230234834028286E-5
-3.8127113775317614E-5
3.799177702317434E-5
-3.786485365925904E-5
3.770653110301317E-5
-3.75563744496132E-5
3.7375742231902656E-5
0.12496279699839605
0.2165433517552718
-0.7500368062092225
0.5670238813814596
-0.37503636760897974
0.21654247575522903
-3.588893820205043E-5
3.562720811718726E-5
-3.537204725083151E-5
3.509236972723999E-5
-3.481888636145043E-5
3.4522286084033856E-5
-3.423149209147507E-5
3.391902874882378E-5
-3.3611973539532715E-5
3.328473490176716E-5
-3.296249848465235E-5
3.262159352591827E-5
-3.2285279589077686E-5
3.193183172527188E-5
-3.158256080957361E-5
3.121770131131743E-5
-3.0856604136853944E-5
3.048146577884157E-5
-3.010967679050767E-5
2.9725387784360335E-5
-2.9344038963091043E-5
2.8951717222473254E-5
-2.8561932216723628E-5
2.8162679987560646E-5
-2.7765568597088893E-5
2.7360467487850645E-5
0.12497304287945944
0.2165328981730815
-0.750026138711612
0.5670130231604871
-0.3750253124081216
0.21653124692414924
-2.4480211630962273E-5
2.4061968359309343E-5
-2.3644052364145747E-5
2.3224914956495818E-5
-2.2805783527933814E-5
2.2386629785111863E-5
-2.1967176513308064E-5
2.1548841098882824E-5
-2.1129916974911344E-5
2.0713189944877308E-5
-2.029560174490333E-5
1.9881227474899138E-5
-1.946573654957455E-5
1.90544130386402E-5
-1.8641734489112654E-5
1.8234113012461106E-5
-1.782491522304722E-5
1.742160031295097E-5
-1.701650482356652E-5
1.661805454655252E-5
-1.6217636230129745E-5
1.5824562736771816E-5
-1.54293502608552E-5
1.50421205765241E-5
-1.465259711414521E-5
1.4271634147981952E-5
0.12498611176168105
0.21651986486816746
-0.7500131370490626
0.5670000678257094
-0.37501239972085704
0.21651839061930994
-1.1676864482070142E-5
1.1324360185316315E-5
-1.0969013163274888E-5
1.0624275336438728E-5
-1.0276625934957762E-5
9.939842677981238E-6
-9.6000911499306E-6
9.2714173603392E-6
-8.939730081232205E-6
8.619289298105479E-6
-8.295800607052306E-6
7.983686863237417E-6
-7.66850091489285E-6
7.364780589944283E-6
-7.057973211622927E-6
6.76268687333449E-6
-6.464307417199757E-6
6.1774716340211826E-6
-5.8875448019960965E-6
5.609153921314862E-6
-5.3276815589542276E-6
5.057709442783696E-6
-4.784672294708373E-6
