%% ========================================================================
%% Programmatic octave notes on "Ripples in Mathematics" by A. Jensen
%% and A. la Cour-Harbo written with a deep gratitude to the authors for
%% this wonderful text. I added a few graphs to help me visualize Fig. 4.6.
%% 
%% Reconstruction of graphs on p.29, Ch 04.
%%
%% Author: Vladimir Kulyukin
%% 
%% NB: I have tested this code in Octave, not Matlab.
%%
%% The numbers below were computed by my Java OneDHaar class methods
%% available at https://github.com/VKEDCO/java/blob/master/haar/org.vkedco.wavelets.haar/OneDHaar.java &
%% https://github.com/VKEDCO/java/blob/master/haar/org.vkedco.wavelets.tests/RipplesInMathCh04.java
%% =========================================================================


t = [0:511];

y_fig_4_6_s06_d06_d07_d8_inverted_p29 = [
-0.012270614261456144
0.012270614261456144
-0.012248444636124706
0.012248444636124706
-0.012196767434827796
0.012196767434827796
-0.012115707152469735
0.012115707152469735
-0.012005459070370775
0.012005459070370775
-0.011866288785817247
0.011866288785817247
-0.011698531572214593
0.011698531572214593
-0.011502591571384028
0.011502591571384028
-0.01127894081995004
0.01127894081995004
-0.011028118112162227
0.011028118112162227
-0.010750727701893198
0.010750727701893198
-0.010447437846937746
0.010447437846937746
-0.01011897919912158
0.01011897919912158
-0.009766143044096731
0.009766143044096731
-0.009389779395065634
0.009389779395065634
-0.00899079494502425
0.00899079494502425
-0.008570150882459715
0.008570150882459715
-0.00812886057576273
0.00812886057576273
-0.007667987131934673
0.007667987131934673
-0.007188640835469439
0.007188640835469439
-0.006691976473580885
0.006691976473580885
-0.006179190554219616
0.006179190554219616
-0.005651518423580193
0.005651518423580193
-0.005110231290043676
0.005110231290043676
-0.004556633161726054
0.004556633161726054
-0.003992057705007934
0.003992057705007934
-0.003417865031615452
0.003417865031615452
-0.0028354384219922975
0.0028354384219922975
-0.0022461809928553955
0.0022461809928553955
-0.0016515123169644765
0.0016515123169644765
-0.0010528650032466946
0.0010528650032466946
-4.516812455159225E-4
4.516812455159225E-4
1.5059065189787502E-4
-1.5059065189787502E-4
7.524997632410989E-4
-7.524997632410989E-4
0.0013525960367434808
-0.0013525960367434808
0.0019494337879198962
-0.0019494337879198962
0.0025415751823509303
-0.0025415751823509303
0.003127593699552067
-0.003127593699552067
0.0037060775695861303
-0.0037060775695861303
0.00427563317414098
-0.00427563317414098
0.004834888403878024
-0.004834888403878024
0.005382495963964118
-0.005382495963964118
0.0059171366198217945
-0.0059171366198217945
0.006437522375282444
-0.006437522375282444
0.006942399575480818
-0.006942399575480818
0.007430551927019302
-0.007430551927019302
0.007900803428126213
-0.007900803428126213
0.008352021201746052
-0.008352021201746052
0.00878311822474026
-0.00878311822474026
0.009193055946620954
-0.009193055946620954
0.009580846791509279
-0.009580846791509279
0.009945556537294009
-0.009945556537294009
0.010286306566252512
-0.010286306566252512
0.010602275981718812
-0.010602275981718812
0.010892703585695496
-0.010892703585695496
0.011156889712646058
-0.011156889712646058
0.011394197915050778
-0.011394197915050778
0.011604056496664463
-0.011604056496664463
0.011785959889781955
-0.011785959889781955
0.01193946987319701
-0.01193946987319701
0.012064216627913696
-0.012064216627913696
0.012159899628072728
-0.012159899628072728
0.012226288364946545
-0.012226288364946545
0.01226322290225282
-0.01226322290225282
0.012270614261456099
-0.012270614261456099
0.012248444636124886
-0.012248444636124886
0.012196767434827754
-0.012196767434827754
0.012115707152469693
-0.012115707152469693
0.01200545907037072
-0.01200545907037072
0.011866288785817218
-0.011866288785817218
0.011698531572214538
-0.011698531572214538
0.011502591571384028
-0.011502591571384028
0.011278940819950012
-0.011278940819950012
0.011028118112162422
-0.011028118112162422
0.010750727701893142
-0.010750727701893142
0.01044743784693769
-0.01044743784693769
0.010118979199121692
-0.010118979199121692
0.009766143044096731
-0.009766143044096731
0.009389779395065634
-0.009389779395065634
0.008990794945024194
-0.008990794945024194
0.00857015088245966
-0.00857015088245966
0.008128860575762675
-0.008128860575762675
0.007667987131934617
-0.007667987131934617
0.007188640835469384
-0.007188640835469384
0.00669197647358094
-0.00669197647358094
0.006179190554219671
-0.006179190554219671
0.0056515184235801375
-0.0056515184235801375
0.005110231290043676
-0.005110231290043676
0.00455663316172622
-0.00455663316172622
0.003992057705007934
-0.003992057705007934
0.003417865031615508
-0.003417865031615508
0.0028354384219922424
-0.0028354384219922424
0.0022461809928553955
-0.0022461809928553955
0.0016515123169645873
-0.0016515123169645873
0.0010528650032466391
-0.0010528650032466391
4.516812455159225E-4
-4.516812455159225E-4
-1.5059065189787502E-4
1.5059065189787502E-4
-7.524997632410989E-4
7.524997632410989E-4
-0.0013525960367434253
0.0013525960367434253
-0.0019494337879198407
0.0019494337879198407
1.4878510650192642
-1.4878510650192642
-0.003127593699552011
0.003127593699552011
-0.003706077569586075
0.003706077569586075
-0.004275633174140925
0.004275633174140925
-0.004834888403878024
0.004834888403878024
-0.005382495963964007
0.005382495963964007
-0.0059171366198217945
0.0059171366198217945
-0.006437522375282501
0.006437522375282501
-0.006942399575480762
0.006942399575480762
-0.007430551927019579
0.007430551927019579
-0.007900803428126157
0.007900803428126157
-0.008352021201746052
0.008352021201746052
-0.00878311822474026
0.00878311822474026
-0.009193055946620787
0.009193055946620787
-0.009580846791509279
0.009580846791509279
-0.009945556537294009
0.009945556537294009
-0.010286306566252457
0.010286306566252457
-0.010602275981718812
0.010602275981718812
-0.010892703585695468
0.010892703585695468
-0.011156889712646058
0.011156889712646058
-0.011394197915051196
0.011394197915051196
-0.011604056496664239
0.011604056496664239
-0.011785959889781955
0.011785959889781955
-0.01193946987319701
0.01193946987319701
-0.012064216627913476
0.012064216627913476
-0.012159899628073177
0.012159899628073177
-0.012226288364946545
0.012226288364946545
-0.012263222902252822
0.012263222902252822
-0.012270614261456102
0.012270614261456102
-0.012248444636124664
0.012248444636124664
-0.012196767434827761
0.012196767434827761
-0.012115707152469693
0.012115707152469693
-0.01200545907037072
0.01200545907037072
-0.011866288785817192
0.011866288785817192
-0.011698531572214538
0.011698531572214538
-0.011502591571384002
0.011502591571384002
-0.011278940819950012
0.011278940819950012
-0.011028118112162227
0.011028118112162227
-0.010750727701893142
0.010750727701893142
-0.01044743784693769
0.01044743784693769
-0.01011897919912147
0.01011897919912147
-0.009766143044097064
0.009766143044097064
-0.009389779395065634
0.009389779395065634
-0.00899079494502425
0.00899079494502425
-0.00857015088245966
0.00857015088245966
-0.00812886057576273
0.00812886057576273
-0.007667987131934673
0.007667987131934673
-0.007188640835469384
0.007188640835469384
-0.006691976473580885
0.006691976473580885
-0.006179190554219616
0.006179190554219616
-0.0056515184235801375
0.0056515184235801375
-0.005110231290043621
0.005110231290043621
-0.00455663316172622
0.00455663316172622
-0.003992057705007934
0.003992057705007934
-0.003417865031615508
0.003417865031615508
-0.0028354384219922975
0.0028354384219922975
-0.0022461809928553955
0.0022461809928553955
-0.001651512316964532
0.001651512316964532
-0.0010528650032466391
0.0010528650032466391
-4.516812455159225E-4
4.516812455159225E-4
1.5059065189787502E-4
-1.5059065189787502E-4
7.524997632410989E-4
-7.524997632410989E-4
0.0013525960367434253
-0.0013525960367434253
0.0019494337879199517
-0.0019494337879199517
0.0025415751823510413
-0.0025415751823510413
0.003127593699552178
-0.003127593699552178
