%% ========================================================================
%% Programmatic octave notes on "Ripples in Mathematics" by A. Jensen
%% and A. la Cour-Harbo written with a deep gratitude to the authors for
%% this wonderful text. 
%% 
%% Reconstruction of graphs in Figure 4.13, top, p.34, Ch 04, D8, CDF(4,4)
%%
%% Author: Vladimir Kulyukin
%% 
%% NB: I have tested this code in Octave 4.
%% =========================================================================
t = [0:1023];

y_fig_4_13_d8_p34 = [
0.09280285019165718
0.20828281937666637
0.2807930370465128
0.36481696493381305
0.09621997557490211
-0.0778925237735648
-0.15752053311158767
-0.2624655852451755
-0.11646308894427196
-0.037701785588960396
-0.026181675179240853
0.0033556585783553732
-0.0016068240676950889
0.0026748912306335786
0.016200804473341376
0.027249742342179334
0.01409092902346043
0.007418563086020936
0.0072326445298608565
0.005308687636139985
0.00446925008725745
0.0033392164557495517
0.0019185867416162922
5.75822013146146E-4
-0.02681048343569158
-0.04721844318045975
-0.06064805722115837
-0.07594751335776762
-0.06379360762069634
-0.05899580802719714
-0.06155411457727
-0.062141358426735085
0.09501558080374009
0.20990509356723808
0.28252717986375897
0.3664747889482481
0.09902427401846856
-0.0742693973598762
-0.15340622518678615
-0.2577723032051666
-0.12050415101419182
-0.04798169567152973
-0.04020493717718038
-0.015079621498935346
-0.005594579455490719
0.008081261277800459
0.025947900700938185
0.04269161899949012
0.018694485812547085
0.005613830880098727
0.0034496542021450515
-0.0016395840082923858
0.0031233573888668244
0.005246415216484137
0.004729589474559554
0.00492011840320591
-0.025813067655600475
-0.04826026925654869
-0.06242148639963874
-0.0788029263867087
-0.06430396607456437
-0.0580793840845443
-0.06012918041664851
-0.05996186375946991
0.095456383404087
0.2092752691142795
0.2814947933711075
0.36486083293501487
0.09875183989559519
-0.07371560038292276
-0.15254148790053895
-0.2564585538584351
-0.12026099650241862
-0.04840195855426821
-0.040881440013983944
-0.01612146715614783
-0.005762071580697569
0.008455947048109955
0.02653258873027474
0.04357531548139632
0.018846823288971193
0.005310895479333016
0.0029675320524817986
-0.0023748699619705322
0.0030104441928399325
0.0055212754634661335
0.005157623849908072
0.005564187603824267
-0.025708809291309337
-0.04849329349395727
-0.06278926500411953
-0.07935972663517465
-0.06438563116663978
-0.05786387429853744
-0.05979445603086772
-0.05946024046105767
0.09553288305656166
0.2090852770872861
0.2811969416311158
0.3644126161747155
0.09868914061031356
-0.07353637147504705
-0.15226392008136633
-0.25604417249584926
-0.12020138388422329
-0.048565395603432926
-0.04113620765347827
-0.016502859406289844
-0.005812904430565324
0.008613171511997501
0.02677536842139863
0.043936474734910434
0.018895906094022252
0.0051632421764062734
0.0027384829820625172
-0.0027162201509701085
0.0029670557296324366
0.005665919128216645
0.005380370044782519
0.005894491875786566
-0.025666262553716904
-0.048632579791889195
-0.0630044598387303
-0.0796792123903886
-0.06442450972180896
-0.057725278794257755
-0.059581519607735015
-0.059145328677336385
0.09557155774040428
0.20894905639459965
0.2809871672852498
0.3641021337427389
0.09865271579491193
-0.07339915684125922
-0.1520534841657745
-0.25573360833159714
-0.12016471439493523
-0.04870240164877307
-0.041346670093110716
-0.016813631877933742
-0.005848381005468499
0.008752347528553563
0.02698855372413244
0.04425063661619577
0.018931926518577377
0.005022705515621009
0.0025229736073266733
-0.0030339216899340554
0.0029313935859743437
0.005809341843780731
0.005599923083485109
0.006217761822428402
-0.025629890415326685
-0.04877844056399553
-0.06322788862357816
-0.08000825406280732
-0.06446121325433951
-0.05757627484333492
-0.05935343882979358
-0.05880959947409626
0.09560900709809195
0.2087969940590944
0.2807543614089112
0.36375943998697985
0.09861435250259376
-0.07324417914059633
-0.15181615494259038
-0.2553841880469137
-0.12012570388422125
-0.0488605921543632
-0.04158885285733964
-0.017170141095994004
-0.005888790056649969
0.008912706178830745
0.02723434761044814
0.044612768979520406
0.0189727444075487
0.004859477685121629
0.0022729688122392006
-0.003402125517777819
0.002888803992329529
0.00597344707786399
0.005851803738825568
0.0065892822579543195
-0.025587271400991728
-0.04894453671817064
-0.06348251369358243
-0.08038361185798792
-0.06450583411153402
-0.05741112969419486
-0.05909949860597046
-0.058434450112146416
0.09565314473362815
0.20863129218367107
0.2804999922379824
0.36338393552326964
0.09856816968301013
-0.07308173988852287
-0.15156579319132937
-0.25501356244349516
-0.12008062909185757
-0.0490216124940727
-0.04183651265014059
-0.01753644839460088
-0.00593571943295512
0.009067786165101576
0.027474068399569215
0.04496857938228704
0.019017865525536845
0.0047082645795106575
0.0020397765442084774
-0.003747938294521716
0.0028422911409015043
0.006115860404107877
0.0060727694950974045
0.006918375000800902
-0.025543290403942737
-0.049080299466147434
-0.0636926521858132
-0.08069635936518756
-0.06455045667577748
-0.057286965180114974
-0.05890588487820002
-0.05814476967007923
0.0956945520288111
0.20851669191969505
0.2803216500025727
0.3631171288267061
0.09852713657826428
-0.0729811992339759
-0.1514078786100144
-0.2547757126582843
-0.12004338673703477
-0.04910980639733905
-0.04197497163919721
-0.017745314524359346
-0.005971373047142322
0.009140067376326916
0.02758900674604836
0.04514366596838179
0.019049323129466403
0.004650695143287036
0.001947782009843706
-0.0038889884732949305
0.0028137250174191273
0.00615649390383635
0.006139318185956738
0.007022436911411771
-0.025519108601460488
-0.049104542324391515
-0.06373386425738133
-0.08076296911180873
-0.06457049744629495
-0.05727972038058813
-0.05889063791468833
-0.05811635356950173
0.09571026018188238
0.20852662586917364
0.2803327434923722
0.3631275239657443
0.09851661694665331
-0.07300721666285323
-0.1514439768627753
-0.2548233432085721
-0.12003691263725313
-0.04906681501459008
-0.041913050340583
-0.017659750789067893
-0.005971941496587095
0.009082780763303083
0.02750441599060264
0.04502388960729897
0.019046337286425914
0.004723777938680168
0.002056211564061739
-0.0037343007654965644
0.002822920619834938
0.00607157672790717
0.006011667558720133
0.0068382857836803675
-0.02553121502876416
-0.04900584255328865
-0.06358559678989315
-0.08054872514077294
-0.06455231237256533
-0.057387382030117555
-0.05905393411342964
-0.058354097612789715
0.0956898964670826
0.20864544735956875
0.2805125550646687
0.36338927794008086
0.09854253193252668
-0.07313199139848807
-0.1516342920529634
-0.25510201453063014
-0.12006425040357616
-0.048933838802649024
-0.04171077972784877
-0.017363797153261754
-0.005939888546404384
0.00894674729383381
0.027296110367452824
0.04471763847527818
0.019013583337595792
0.004864993403668352
0.0022718686734958735
-0.0034175336261886855
0.0028593600629677916
0.00592989440552253
0.0057940694014755306
0.006517385794994448
-0.02556771219813658
-0.048861822051419125
-0.0633649437648532
-0.08022360365103123
-0.06451323327264791
-0.05752970825191859
-0.059273028588843285
-0.05867799775971329
0.09565129599999701
0.20878761815846442
0.280730968715689
0.3637119427473047
0.09858264216669978
-0.07327079145458427
-0.15184835811654743
-0.2554191180035734
-0.12010346526835286
-0.0487972338780312
-0.04150042383260846
-0.017052341029836594
-0.005900125721684816
0.008814706544321631
0.02709215576818275
0.044415004655245276
0.018975013486193536
0.004993290776238874
0.0024698365253812992
-0.003123851505750344
0.002897674958024109
0.0058069140779742024
0.005603865854099936
0.006234752510617009
-0.0256046455648659
-0.048743657068400795
-0.06318228199998768
-0.07995216848736661
-0.06447717864053207
-0.05764217736749142
-0.05944716466824469
-0.058937074008035766
0.09561671829932383
0.20889462515122859
0.28089664654767854
0.3639585081187971
0.09861589435604272
-0.07337202160161142
