%% ========================================================================
%% Programmatic octave notes on "Ripples in Mathematics" by A. Jensen
%% and A. la Cour-Harbo written with a deep gratitude to the authors for
%% this wonderful text. 
%% 
%% Reconstruction of graphs in Figure 4.13, top, p.34, Ch 04, D9, HWT
%%
%% Author: Vladimir Kulyukin
%% 
%% NB: I have tested this code in Octave 4.
%% =========================================================================
t = [0:1023];

y_fig_4_13_d9_p33 = [
0.4332128447444842
0.4332128447444842
-0.4332128447444842
-0.4332128447444842
-0.01859417517525114
-0.01859417517525114
0.01859417517525114
0.01859417517525114
-0.010607866890725653
-0.010607866890725653
0.010607866890725653
0.010607866890725653
-0.006551318777901806
-0.006551318777901806
0.006551318777901806
0.006551318777901806
-0.00398738795927758
-0.00398738795927758
0.00398738795927758
0.00398738795927758
-0.0021796013677490424
-0.0021796013677490424
0.0021796013677490424
0.0021796013677490424
-8.170351673290561E-4
-8.170351673290561E-4
8.170351673290561E-4
8.170351673290561E-4
2.574382659251168E-4
2.574382659251168E-4
-2.574382659251168E-4
-2.574382659251168E-4
0.5011328900490687
0.5011328900490687
-0.5011328900490687
-0.5011328900490687
0.0018640324289514482
0.0018640324289514482
-0.0018640324289514482
-0.0018640324289514482
0.0024865273576148575
0.0024865273576148575
-0.0024865273576148575
-0.0024865273576148575
0.0030247031997332322
0.0030247031997332322
-0.0030247031997332322
-0.0030247031997332322
0.0034957632363539133
0.0034957632363539133
-0.0034957632363539133
-0.0034957632363539133
0.003912227436340786
0.003912227436340786
-0.003912227436340786
-0.003912227436340786
0.004283421838707119
0.004283421838707119
-0.004283421838707119
-0.004283421838707119
0.0046164253207046065
0.0046164253207046065
-0.0046164253207046065
-0.0046164253207046065
0.5049166926810071
0.5049166926810071
-0.5049166926810071
-0.5049166926810071
0.005188476999439162
0.005188476999439162
-0.005188476999439162
-0.005188476999439162
0.005435123325875548
0.005435123325875548
-0.005435123325875548
-0.005435123325875548
0.005659277488887439
0.005659277488887439
-0.005659277488887439
-0.005659277488887439
0.005863037498586002
0.005863037498586002
-0.005863037498586002
-0.005863037498586002
0.006048065272063801
0.006048065272063801
-0.006048065272063801
-0.006048065272063801
0.006215670411555105
0.006215670411555105
-0.006215670411555105
-0.006215670411555105
0.006366873974866689
0.006366873974866689
-0.006366873974866689
-0.006366873974866689
0.5065024577253515
0.5065024577253515
-0.5065024577253515
-0.5065024577253515
0.006623002728638375
0.006623002728638375
-0.006623002728638375
-0.006623002728638375
0.006728920072810035
0.006728920072810035
-0.006728920072810035
-0.006728920072810035
0.006820475742174192
0.006820475742174192
-0.006820475742174192
-0.006820475742174192
0.006897811155726649
0.006897811155726649
-0.006897811155726649
-0.006897811155726649
0.006960960515261481
0.006960960515261481
-0.006960960515261481
-0.006960960515261481
0.007009865846037589
0.007009865846037589
-0.007009865846037589
-0.007009865846037589
0.007044390422361924
0.007044390422361924
-0.007044390422361924
-0.007044390422361924
0.5070643311292257
0.5070643311292257
-0.5070643311292257
-0.5070643311292257
0.007069430203754137
0.007069430203754137
-0.007069430203754137
-0.007069430203754137
0.007059386715717693
0.007059386715717693
-0.007059386715717693
-0.007059386715717693
0.007033868076663216
0.007033868076663216
-0.007033868076663216
-0.007033868076663216
0.006992521806412582
0.006992521806412582
-0.006992521806412582
-0.006992521806412582
0.006934987729220455
0.006934987729220455
-0.006934987729220455
-0.006934987729220455
0.006860910716412142
0.006860910716412142
-0.006860910716412142
-0.006860910716412142
0.006769954035352979
0.006769954035352979
-0.006769954035352979
-0.006769954035352979
0.5066618133044962
0.5066618133044962
-0.5066618133044962
-0.5066618133044962
0.006536230990200926
0.006536230990200926
-0.006536230990200926
-0.006536230990200926
0.006393011313075959
0.006393011313075959
-0.006393011313075959
-0.006393011313075959
0.006232035360756665
0.006232035360756665
-0.006232035360756665
-0.006232035360756665
0.006053276132248731
0.006053276132248731
-0.006053276132248731
-0.006053276132248731
0.005856813169237626
0.005856813169237626
-0.005856813169237626
-0.005856813169237626
0.005642846365985334
0.005642846365985334
-0.005642846365985334
-0.005642846365985334
0.005411708496312863
0.005411708496312863
-0.005411708496312863
-0.005411708496312863
0.5051638759589498
0.5051638759589498
-0.5051638759589498
-0.5051638759589498
0.0048999772265403965
0.0048999772265403965
-0.0048999772265403965
-0.0048999772265403965
0.0046207984938134985
0.0046207984938134985
-0.0046207984938134985
-0.0046207984938134985
0.004327286060793236
0.004327286060793236
-0.004327286060793236
-0.004327286060793236
0.004020545059725864
0.004020545059725864
-0.004020545059725864
-0.004020545059725864
0.003701834239730054
0.003701834239730054
-0.003701834239730054
-0.003701834239730054
0.0033725566583710344
0.0033725566583710344
-0.0033725566583710344
-0.0033725566583710344
0.0030342462888592156
0.0030342462888592156
-0.0030342462888592156
-0.0030342462888592156
0.5026885507270364
0.5026885507270364
-0.5026885507270364
-0.5026885507270364
0.0023372103629331017
0.0023372103629331017
-0.0023372103629331017
-0.0023372103629331017
0.001982034555192736
0.001982034555192736
-0.001982034555192736
-0.001982034555192736
0.0016248755002766044
0.0016248755002766044
-0.0016248755002766044
-0.0016248755002766044
0.001267600610123101
0.001267600610123101
-0.001267600610123101
-0.001267600610123101
9.120642919886965E-4
9.120642919886965E-4
-9.120642919886965E-4
-9.120642919886965E-4
5.600800558764698E-4
5.600800558764698E-4
-5.600800558764698E-4
-5.600800558764698E-4
2.1339385557024915E-4
2.1339385557024915E-4
-2.1339385557024915E-4
-2.1339385557024915E-4
0.49987365950044993
0.49987365950044993
-0.49987365950044993
-0.49987365950044993
-4.5758313734736125E-4
-4.5758313734736125E-4
4.5758313734736125E-4
4.5758313734736125E-4
-7.789265430950766E-4
-7.789265430950766E-4
7.789265430950766E-4
7.789265430950766E-4
-0.0010891101999810822
-0.0010891101999810822
0.0010891101999810822
0.0010891101999810822
-0.0013870312237294622
-0.0013870312237294622
0.0013870312237294622
0.0013870312237294622
-0.0016717509438000872
-0.0016717509438000872
0.0016717509438000872
0.0016717509438000872
-0.0019424975490016424
-0.0019424975490016424
0.0019424975490016424
0.0019424975490016424
-0.0021986650584289785
-0.0021986650584289785
0.0021986650584289785
0.0021986650584289785
0.49756019100686905
0.49756019100686905
-0.49756019100686905
-0.49756019100686905
-0.0026656392065246594
-0.0026656392065246594
0.0026656392065246594
0.0026656392065246594
-0.0028760103817483396
-0.0028760103817483396
0.0028760103817483396
0.0028760103817483396
-0.0030709107237391338
-0.0030709107237391338
0.0030709107237391338
0.0030709107237391338
-0.003250449366506274
-0.003250449366506274
0.003250449366506274
0.003250449366506274
-0.003414842986708364
-0.003414842986708364
0.003414842986708364
0.003414842986708364
-0.0035644020686419952
-0.0035644020686419952
0.0035644020686419952
0.0035644020686419952
-0.003699517208594727
-0.003699517208594727
0.003699517208594727
0.003699517208594727
0.4961793542167513
0.4961793542167513
-0.4961793542167513
-0.4961793542167513
-0.003928299241858513
-0.003928299241858513
0.003928299241858513
0.003928299241858513
-0.004023031218781192
-0.004023031218781192
0.004023031218781192
0.004023031218781192
-0.004105426604300908
-0.004105426604300908
0.004105426604300908
0.004105426604300908
-0.004176091659322771
-0.004176091659322771
0.004176091659322771
0.004176091659322771
-0.004235645214458332
-0.004235645214458332
0.004235645214458332
0.004235645214458332
-0.00428471095667466
-0.00428471095667466
0.00428471095667466
0.00428471095667466
