%% ========================================================================
%% Programmatic octave notes on "Ripples in Mathematics" by A. Jensen
%% and A. la Cour-Harbo written with a deep gratitude to the authors for
%% this wonderful text. 
%% 
%% Reconstruction of graphs in Figure 4.13, top, p.34, Ch 04, D7, CDF(4,4)
%%
%% Author: Vladimir Kulyukin
%% 
%% NB: I have tested this code in Octave 4.
%% =========================================================================
t = [0:1023];

y_fig_4_13_d7_p34 = [
0.05059641430959508
0.0637722047590761
0.07604351907482691
0.08855718704018394
0.1001663788718107
0.1120179243530437
0.12411182348388294
0.13614078415002745
0.0697658886796012
0.024399243144454994
4.084754458885849E-5
-0.02994669165982676
-0.0389259809289623
-0.05353441380264732
-0.07377199028088183
-0.09250124227619846
-0.06785928546265244
-0.05483860902420275
-0.053439212960849414
-0.048925904205973335
-0.05603387582619363
-0.060027934754891196
-0.060908080992066044
-0.06262259762023542
-0.03999059229084205
-0.02388221785848422
-0.014297474323161915
-0.002964729157260217
0.001844385111605941
0.00840150101105149
0.016706618541076433
0.02454336044581934
0.040025790310477226
0.05345956426069553
0.06484468229647426
0.0767787360300963
0.08666413384927879
0.09709846736630459
0.10808173658117373
0.11891791891910908
0.06334552035685367
0.025567247417301233
0.005583100100451804
-0.019168968807018846
-0.026126912091786483
-0.03785277696717533
-0.054346563433185405
-0.0695627891594136
-0.059735028239212215
-0.05661778331617744
-0.060211054390309326
-0.062006248122204254
-0.07051195785126585
-0.07721959023809048
-0.08212914528267819
-0.08752049369904696
-0.050942980276363375
-0.02561098949070722
-0.01152452134207852
0.005575175515607596
0.011429349736266258
0.020296752665982333
0.03217738430475583
0.0432506237443271
0.04918043033425407
0.05648841560256692
0.0651745795492657
0.07349146163206516
0.08318652239325054
0.0925123012905366
0.10146879832392337
0.11052424413452142
0.059862918324680985
0.025202653245130813
0.006543448895870933
-0.016403226754111582
-0.023348841673803824
-0.03458192789421869
-0.05010248541535618
-0.06447421846389344
-0.057459524027193454
-0.056175305564149534
-0.06062156307476172
-0.06353234417598679
-0.07217360125086797
-0.07927938191636202
-0.084849686172469
-0.09083142009246827
-0.05229042056569086
-0.02567925151080338
-0.010997912927805869
0.00688001409597476
0.012828110647865435
0.02197279564053922
0.03431406907399612
0.04579881921621052
0.05025877893870315
0.05660102558115811
0.0648255591435754
0.0725457354458651
0.08214819866811718
0.09124630463024166
0.09984005333223857
0.10856894415478341
0.05909094423469807
0.025209433683027072
0.006924412499770433
-0.015539675414513423
-0.022407273960382924
-0.033453939237279635
-0.048679671245203573
-0.06278562569743297
-0.056779529671120654
-0.056162441328667545
-0.06093436067007369
-0.06426229975458461
-0.0729792465229548
-0.08025221303442978
-0.08608119928900956
-0.09229709888731087
-0.05285012921539454
-0.02563848848852094
-0.010662176706690101
0.007592581585094084
0.01361201093183551
0.02290988678853028
0.0354862091551784
0.047184074427055876
0.05079249706941222
0.05656847933156663
0.06451202121351915
0.07187476724580043
0.08140507289787985
0.09035458270028801
0.09872329665302498
0.10724763438464867
0.058599593701035346
0.025270845643151314
0.007261390210996603
-0.014852857308838334
-0.02164781220294395
-0.032547559184729784
-0.047552098254195846
-0.06145676159867032
-0.05628365902408485
-0.05622242842090148
-0.06127306978912021
-0.06495398919079044
-0.07374678056386283
-0.08116984997038669
-0.08722319741036211
-0.09364356074512932
-0.05334498706898491
-0.025564714836154762
-0.010302744046638874
0.008313495505222429
0.014411433613769467
0.023863640484661917
0.03667011611789978
0.04857781814507024
0.05130436646250241
0.05649099750204495
0.06413771126369787
0.07112524784664755
0.08057286715170764
0.08936130927806446
0.09749057422571808
0.1057964651660742
0.058063973093261355
0.025346920493973076
0.00764530736820937
-0.014079680638483647
-0.02078922917165208
-0.031522152585749814
-0.046278450880776874
-0.05995668912561125
-0.05573307312453483
-0.05630624451166985
-0.061676203287016354
-0.06576086675542779
-0.07464231761205072
-0.08223847316173856
-0.08854933340449135
-0.0952045874867729
-0.05393123796170689
-0.02550031906758105
-0.009911830804395377
0.00911777637520343
0.015304952923862055
0.02493324838893381
0.03800266277041871
0.05015003211719123
0.05188897871872817
0.0564168537893327
0.06373365732900484
0.07030316973764214
0.07966161061534709
0.08827276036201717
0.09613661897765242
0.10420071364835937
0.057447891506516705
0.025383217956160727
0.008006692997291457
-0.013305509514975009
-0.01992956343575476
-0.030489294909931703
-0.04498470393750584
-0.0584255513429779
-0.05514826321018722
-0.05635058599382807
-0.06203251969390051
-0.06651414526650944
-0.07547538175554996
-0.08323631011712698
-0.08979693035124053
-0.09667917217877643
-0.05452252159071551
-0.02550580262313045
-0.00962901527602128
0.00976860613739458
0.016026295930334562
0.02580481978958123
0.03910417771513458
0.051460130995937055
0.05241265780097022
0.05642072352113345
0.06348432815642677
0.0697292036069691
0.07902961797264152
0.08751130315356294
0.0951742591497334
0.10305659296977766
0.056962788311509485
0.025331846369055545
0.008163767142415896
-0.012879624469168386
-0.0194601533649384
-0.02991599464565303
-0.044247148311312295
-0.057539915153007305
-0.054762453277265644
-0.056290996208544566
-0.062125543946844095
-0.0668063011744979
-0.07579306320917234
-0.08362603473320104
-0.09030521574658405
-0.09729355399552925
-0.054816536007300645
-0.025593720276140552
-0.009625106802048977
0.009894959463142873
0.016160823471266187
0.025978140270489777
0.039346909860813656
0.051764070543804934
0.05259255067192639
0.056526208396067465
0.06356504371622816
0.06977184920718017
0.07908383229415186
0.08756378555191482
0.09521170898046916
0.1030825741298385
0.05691512242592488
0.025227194083185547
0.008018789101620528
-0.013069392471358725
-0.019678050683163664
-0.03016648548638283
-0.04453469688101623
-0.057863325271167
-0.054820360600907295
-0.05616415106999554
-0.061894696678431754
-0.06644981478988658
-0.07539168804068941
-0.08315813379451086
-0.08974915205135092
-0.09665512515676848
-0.05461702941888624
-0.025693457401859448
-0.009884409105688106
0.009438665230605254
0.01564721584604315
0.02536979250160307
0.038606395197285016
0.050901417453334326
0.05231622176336996
0.05664637168551456
0.06389186721976814
0.07035619825159947
0.07973587489553983
0.08833438703705793
0.09615173467615383
0.1041783947128296
0.057308120305305604
0.02514743514904921
0.007696339244060429
-0.013696179221799033
-0.020379108436390875
-0.031003460211853393
-0.0455692345481866
-0.059078907892304695
-0.05525199038635467
-0.05607039839818916
-0.061534131927808225
-0.06575315423635723
-0.07461750206269077
-0.08223713866795423
-0.0886120640521477
-0.09532050880283677
-0.05411499688748812
-0.025747990966984078
-0.01021949104132466
0.008749076197675506
0.014879137441831032
0.024449265999327303
0.03745946187016433
0.049547894482482986
0.0518112059329202
0.056707150664221474
0.06423572867638683
0.07105889472697732
0.08051469405843192
0.08926508142831167
0.09731005683661662
0.10554404681035677
0.05783489081074319
0.02511565559674614
0.007386341168365638
-0.01435951042912732
-0.021115441241003716
-0.03188790922199256
-0.046676914372093876
-0.060389691631361916
-0.05575629698608725
-0.05603874428683735
-0.06123703353361222
-0.06511812690083069
-0.07391506221407398
-0.08139480164776086
-0.08755734520189137
-0.09407283032822258
-0.05362619365041872
-0.025763019584884864
-0.01048330813162103
0.008168131966587784
0.014236109452526572
0.023675815583410337
0.03648725035923908
0.04839523316755793
0.051358289193136494
0.056718131126505825
0.06447475896766594
0.07158916996040321
0.08110036686093129
0.08996934691303651
0.0981961101167189
0.10659495480630182
