%% ========================================================================
%% Programmatic octave notes on "Ripples in Mathematics" by A. Jensen
%% and A. la Cour-Harbo written with a deep gratitude to the authors for
%% this wonderful text. 
%% 
%% Reconstruction of graphs in Figure 4.13, top, p.34, Ch 04, D7, HWT
%%
%% Author: Vladimir Kulyukin
%% 
%% NB: I have tested this code in Octave 4.
%% =========================================================================
t = [0:1023];

y_fig_4_13_d7_p34 = [
0.053150792774457674
0.053150792774457674
0.053150792774457674
0.053150792774457674
0.053150792774457674
0.053150792774457674
0.053150792774457674
0.053150792774457674
-0.053150792774457674
-0.053150792774457674
-0.053150792774457674
-0.053150792774457674
-0.053150792774457674
-0.053150792774457674
-0.053150792774457674
-0.053150792774457674
-0.006266705085373364
-0.006266705085373364
-0.006266705085373364
-0.006266705085373364
-0.006266705085373364
-0.006266705085373364
-0.006266705085373364
-0.006266705085373364
0.006266705085373364
0.006266705085373364
0.006266705085373364
0.006266705085373364
0.006266705085373364
0.006266705085373364
0.006266705085373364
0.006266705085373364
0.13362889660042748
0.13362889660042748
0.13362889660042748
0.13362889660042748
0.13362889660042748
0.13362889660042748
0.13362889660042748
0.13362889660042748
-0.13362889660042748
-0.13362889660042748
-0.13362889660042748
-0.13362889660042748
-0.13362889660042748
-0.13362889660042748
-0.13362889660042748
-0.13362889660042748
0.016360030533515164
0.016360030533515164
0.016360030533515164
0.016360030533515164
0.016360030533515164
0.016360030533515164
0.016360030533515164
0.016360030533515164
-0.016360030533515164
-0.016360030533515164
-0.016360030533515164
-0.016360030533515164
-0.016360030533515164
-0.016360030533515164
-0.016360030533515164
-0.016360030533515164
0.14622934899233148
0.14622934899233148
0.14622934899233148
0.14622934899233148
0.14622934899233148
0.14622934899233148
0.14622934899233148
0.14622934899233148
-0.14622934899233148
-0.14622934899233148
-0.14622934899233148
-0.14622934899233148
-0.14622934899233148
-0.14622934899233148
-0.14622934899233148
-0.14622934899233148
0.02451479138798448
0.02451479138798448
0.02451479138798448
0.02451479138798448
0.02451479138798448
0.02451479138798448
0.02451479138798448
0.02451479138798448
-0.02451479138798448
-0.02451479138798448
-0.02451479138798448
-0.02451479138798448
-0.02451479138798448
-0.02451479138798448
-0.02451479138798448
-0.02451479138798448
0.15169297670220977
0.15169297670220977
0.15169297670220977
0.15169297670220977
0.15169297670220977
0.15169297670220977
0.15169297670220977
0.15169297670220977
-0.15169297670220977
-0.15169297670220977
-0.15169297670220977
-0.15169297670220977
-0.15169297670220977
-0.15169297670220977
-0.15169297670220977
-0.15169297670220977
0.027930919561186856
0.027930919561186856
0.027930919561186856
0.027930919561186856
0.027930919561186856
0.027930919561186856
0.027930919561186856
0.027930919561186856
-0.027930919561186856
-0.027930919561186856
-0.027930919561186856
-0.027930919561186856
-0.027930919561186856
-0.027930919561186856
-0.027930919561186856
-0.027930919561186856
0.15324615259977187
0.15324615259977187
0.15324615259977187
0.15324615259977187
0.15324615259977187
0.15324615259977187
0.15324615259977187
0.15324615259977187
-0.15324615259977187
-0.15324615259977187
-0.15324615259977187
-0.15324615259977187
-0.15324615259977187
-0.15324615259977187
-0.15324615259977187
-0.15324615259977187
0.027579263019493844
0.027579263019493844
0.027579263019493844
0.027579263019493844
0.027579263019493844
0.027579263019493844
0.027579263019493844
0.027579263019493844
-0.027579263019493844
-0.027579263019493844
-0.027579263019493844
-0.027579263019493844
-0.027579263019493844
-0.027579263019493844
-0.027579263019493844
-0.027579263019493844
0.1508452106732637
0.1508452106732637
0.1508452106732637
0.1508452106732637
0.1508452106732637
0.1508452106732637
0.1508452106732637
0.1508452106732637
-0.1508452106732637
-0.1508452106732637
-0.1508452106732637
-0.1508452106732637
-0.1508452106732637
-0.1508452106732637
-0.1508452106732637
-0.1508452106732637
0.0229863138162753
0.0229863138162753
0.0229863138162753
0.0229863138162753
0.0229863138162753
0.0229863138162753
0.0229863138162753
0.0229863138162753
-0.0229863138162753
-0.0229863138162753
-0.0229863138162753
-0.0229863138162753
-0.0229863138162753
-0.0229863138162753
-0.0229863138162753
-0.0229863138162753
0.14403044380382202
0.14403044380382202
0.14403044380382202
0.14403044380382202
0.14403044380382202
0.14403044380382202
0.14403044380382202
0.14403044380382202
-0.14403044380382202
-0.14403044380382202
-0.14403044380382202
-0.14403044380382202
-0.14403044380382202
-0.14403044380382202
-0.14403044380382202
-0.14403044380382202
0.014141430047362413
0.014141430047362413
0.014141430047362413
0.014141430047362413
0.014141430047362413
0.014141430047362413
0.014141430047362413
0.014141430047362413
-0.014141430047362413
-0.014141430047362413
-0.014141430047362413
-0.014141430047362413
-0.014141430047362413
-0.014141430047362413
-0.014141430047362413
-0.014141430047362413
0.13363630737159793
0.13363630737159793
0.13363630737159793
0.13363630737159793
0.13363630737159793
0.13363630737159793
0.13363630737159793
0.13363630737159793
-0.13363630737159793
-0.13363630737159793
-0.13363630737159793
-0.13363630737159793
-0.13363630737159793
-0.13363630737159793
-0.13363630737159793
-0.13363630737159793
0.002947608742369216
0.002947608742369216
0.002947608742369216
0.002947608742369216
0.002947608742369216
0.002947608742369216
0.002947608742369216
0.002947608742369216
-0.002947608742369216
-0.002947608742369216
-0.002947608742369216
-0.002947608742369216
-0.002947608742369216
-0.002947608742369216
-0.002947608742369216
-0.002947608742369216
0.1225348801448057
0.1225348801448057
0.1225348801448057
0.1225348801448057
0.1225348801448057
0.1225348801448057
0.1225348801448057
0.1225348801448057
-0.1225348801448057
-0.1225348801448057
-0.1225348801448057
-0.1225348801448057
-0.1225348801448057
-0.1225348801448057
-0.1225348801448057
-0.1225348801448057
-0.0072177873433125605
-0.0072177873433125605
-0.0072177873433125605
-0.0072177873433125605
-0.0072177873433125605
-0.0072177873433125605
-0.0072177873433125605
-0.0072177873433125605
0.0072177873433125605
0.0072177873433125605
0.0072177873433125605
0.0072177873433125605
0.0072177873433125605
0.0072177873433125605
0.0072177873433125605
0.0072177873433125605
0.11392830151514567
0.11392830151514567
0.11392830151514567
0.11392830151514567
0.11392830151514567
0.11392830151514567
0.11392830151514567
0.11392830151514567
-0.11392830151514567
-0.11392830151514567
-0.11392830151514567
-0.11392830151514567
-0.11392830151514567
-0.11392830151514567
-0.11392830151514567
-0.11392830151514567
-0.013947509533995083
-0.013947509533995083
-0.013947509533995083
-0.013947509533995083
-0.013947509533995083
-0.013947509533995083
-0.013947509533995083
-0.013947509533995083
0.013947509533995083
0.013947509533995083
0.013947509533995083
0.013947509533995083
0.013947509533995083
0.013947509533995083
0.013947509533995083
0.013947509533995083
0.10910681126518319
0.10910681126518319
0.10910681126518319
0.10910681126518319
0.10910681126518319
0.10910681126518319
0.10910681126518319
0.10910681126518319
-0.10910681126518319
-0.10910681126518319
-0.10910681126518319
-0.10910681126518319
-0.10910681126518319
-0.10910681126518319
-0.10910681126518319
-0.10910681126518319
-0.017033079765722825
-0.017033079765722825
-0.017033079765722825
-0.017033079765722825
-0.017033079765722825
-0.017033079765722825
-0.017033079765722825
-0.017033079765722825
0.017033079765722825
0.017033079765722825
0.017033079765722825
0.017033079765722825
0.017033079765722825
0.017033079765722825
0.017033079765722825
0.017033079765722825
0.10747872779383745
0.10747872779383745
0.10747872779383745
0.10747872779383745
0.10747872779383745
0.10747872779383745
0.10747872779383745
