%% ========================================================================
%% Programmatic octave notes on "Ripples in Mathematics" by A. Jensen
%% and A. la Cour-Harbo written with a deep gratitude to the authors for
%% this wonderful text. 
%% 
%% Reconstruction of graphs in Figure 4.13, top, p.34, Ch 04, D8, HWT
%%
%% Author: Vladimir Kulyukin
%% 
%% NB: I have tested this code in Octave 4.
%% =========================================================================
t = [0:1023];

y_fig_4_13_d8_p34 = [
0.1799552232039107
0.1799552232039107
0.1799552232039107
0.1799552232039107
-0.1799552232039107
-0.1799552232039107
-0.1799552232039107
-0.1799552232039107
-0.016892061650047415
-0.016892061650047415
-0.016892061650047415
-0.016892061650047415
0.016892061650047415
0.016892061650047415
0.016892061650047415
0.016892061650047415
-0.006097172353865531
-0.006097172353865531
-0.006097172353865531
-0.006097172353865531
0.006097172353865531
0.006097172353865531
0.006097172353865531
0.006097172353865531
-5.302201058859922E-4
-5.302201058859922E-4
-5.302201058859922E-4
-5.302201058859922E-4
5.302201058859922E-4
5.302201058859922E-4
5.302201058859922E-4
5.302201058859922E-4
0.2530123996171966
0.2530123996171966
0.2530123996171966
0.2530123996171966
-0.2530123996171966
-0.2530123996171966
-0.2530123996171966
-0.2530123996171966
0.00552056289589009
0.00552056289589009
0.00552056289589009
0.00552056289589009
-0.00552056289589009
-0.00552056289589009
-0.00552056289589009
-0.00552056289589009
0.007414170490715908
0.007414170490715908
0.007414170490715908
0.007414170490715908
-0.007414170490715908
-0.007414170490715908
-0.007414170490715908
-0.007414170490715908
0.008904247750109893
0.008904247750109893
0.008904247750109893
0.008904247750109893
-0.008904247750109893
-0.008904247750109893
-0.008904247750109893
-0.008904247750109893
0.2601085024944357
0.2601085024944357
0.2601085024944357
0.2601085024944357
-0.2601085024944357
-0.2601085024944357
-0.2601085024944357
-0.2601085024944357
0.011097069839485052
0.011097069839485052
0.011097069839485052
0.011097069839485052
-0.011097069839485052
-0.011097069839485052
-0.011097069839485052
-0.011097069839485052
0.01191335502218138
0.01191335502218138
0.01191335502218138
0.01191335502218138
-0.01191335502218138
-0.01191335502218138
-0.01191335502218138
-0.01191335502218138
0.012584540611368485
0.012584540611368485
0.012584540611368485
0.012584540611368485
-0.012584540611368485
-0.012584540611368485
-0.012584540611368485
-0.012584540611368485
0.2631273109364242
0.2631273109364242
0.2631273109364242
0.2631273109364242
-0.2631273109364242
-0.2631273109364242
-0.2631273109364242
-0.2631273109364242
0.013551179482633622
0.013551179482633622
0.013551179482633622
0.013551179482633622
-0.013551179482633622
-0.013551179482633622
-0.013551179482633622
-0.013551179482633622
0.013860546554516294
0.013860546554516294
0.013860546554516294
0.013860546554516294
-0.013860546554516294
-0.013860546554516294
-0.013860546554516294
-0.013860546554516294
0.014056065141060002
0.014056065141060002
0.014056065141060002
0.014056065141060002
-0.014056065141060002
-0.014056065141060002
-0.014056065141060002
-0.014056065141060002
0.26413563446753885
0.26413563446753885
0.26413563446753885
0.26413563446753885
-0.26413563446753885
-0.26413563446753885
-0.26413563446753885
-0.26413563446753885
0.014095210890538055
0.014095210890538055
0.014095210890538055
0.014095210890538055
-0.014095210890538055
-0.014095210890538055
-0.014095210890538055
-0.014095210890538055
0.013929555478740556
0.013929555478740556
0.013929555478740556
0.013929555478740556
-0.013929555478740556
-0.013929555478740556
-0.013929555478740556
-0.013929555478740556
0.013632994659859256
0.013632994659859256
0.013632994659859256
0.013632994659859256
-0.013632994659859256
-0.013632994659859256
-0.013632994659859256
-0.013632994659859256
0.2632002383528937
0.2632002383528937
0.2632002383528937
0.2632002383528937
-0.2632002383528937
-0.2632002383528937
-0.2632002383528937
-0.2632002383528937
0.012627270224377372
0.012627270224377372
0.012627270224377372
0.012627270224377372
-0.012627270224377372
-0.012627270224377372
-0.012627270224377372
-0.012627270224377372
0.011912292749924112
0.011912292749924112
0.011912292749924112
0.011912292749924112
-0.011912292749924112
-0.011912292749924112
-0.011912292749924112
-0.011912292749924112
0.011056674948370938
0.011056674948370938
0.011056674948370938
0.011056674948370938
-0.011056674948370938
-0.011056674948370938
-0.011056674948370938
-0.011056674948370938
0.2600658160642332
0.2600658160642332
0.2600658160642332
0.2600658160642332
-0.2600658160642332
-0.2600658160642332
-0.2600658160642332
-0.2600658160642332
0.008949810877667585
0.008949810877667585
0.008949810877667585
0.008949810877667585
-0.008949810877667585
-0.008949810877667585
-0.008949810877667585
-0.008949810877667585
0.007723791080693
0.007723791080693
0.007723791080693
0.007723791080693
-0.007723791080693
-0.007723791080693
-0.007723791080693
-0.007723791080693
0.0064078315060826395
0.0064078315060826395
0.0064078315060826395
0.0064078315060826395
-0.0064078315060826395
-0.0064078315060826395
-0.0064078315060826395
-0.0064078315060826395
0.25502635492495035
0.25502635492495035
0.25502635492495035
0.25502635492495035
-0.25502635492495035
-0.25502635492495035
-0.25502635492495035
-0.25502635492495035
0.003607041274694336
0.003607041274694336
0.003607041274694336
0.003607041274694336
-0.003607041274694336
-0.003607041274694336
-0.003607041274694336
-0.003607041274694336
0.0021793329571289104
0.0021793329571289104
0.0021793329571289104
0.0021793329571289104
-0.0021793329571289104
-0.0021793329571289104
-0.0021793329571289104
-0.0021793329571289104
7.727058636341378E-4
7.727058636341378E-4
7.727058636341378E-4
7.727058636341378E-4
-7.727058636341378E-4
-7.727058636341378E-4
-7.727058636341378E-4
-7.727058636341378E-4
0.24941492363586912
0.24941492363586912
0.24941492363586912
0.24941492363586912
-0.24941492363586912
-0.24941492363586912
-0.24941492363586912
-0.24941492363586912
-0.0018695044332582237
-0.0018695044332582237
-0.0018695044332582237
-0.0018695044332582237
0.0018695044332582237
0.0018695044332582237
0.0018695044332582237
0.0018695044332582237
-0.003060484484527452
-0.003060484484527452
-0.003060484484527452
-0.003060484484527452
0.003060484484527452
0.003060484484527452
0.003060484484527452
0.003060484484527452
-0.004143016488189749
-0.004143016488189749
-0.004143016488189749
-0.004143016488189749
0.004143016488189749
0.004143016488189749
0.004143016488189749
0.004143016488189749
0.2448926252334221
0.2448926252334221
0.2448926252334221
0.2448926252334221
-0.2448926252334221
-0.2448926252334221
-0.2448926252334221
-0.2448926252334221
-0.005948850818901423
-0.005948850818901423
-0.005948850818901423
-0.005948850818901423
0.005948850818901423
0.005948850818901423
0.005948850818901423
0.005948850818901423
-0.006667168112833035
-0.006667168112833035
-0.006667168112833035
-0.006667168112833035
0.006667168112833035
0.006667168112833035
0.006667168112833035
0.006667168112833035
-0.007265697596596169
-0.007265697596596169
-0.007265697596596169
-0.007265697596596169
0.007265697596596169
0.007265697596596169
0.007265697596596169
0.007265697596596169
0.24224940433183773
0.24224940433183773
0.24224940433183773
0.24224940433183773
-0.24224940433183773
-0.24224940433183773
-0.24224940433183773
-0.24224940433183773
-0.00812996239810082
-0.00812996239810082
-0.00812996239810082
-0.00812996239810082
0.00812996239810082
0.00812996239810082
0.00812996239810082
0.00812996239810082
-0.008413086861613654
-0.008413086861613654
-0.008413086861613654
-0.008413086861613654
0.008413086861613654
0.008413086861613654
0.008413086861613654
0.008413086861613654
-0.00860981633668406
-0.00860981633668406
-0.00860981633668406
-0.00860981633668406
0.00860981633668406
0.00860981633668406
0.00860981633668406
0.00860981633668406
0.24126993845172434
0.24126993845172434
0.24126993845172434
0.24126993845172434
