%% ========================================================================
%% Programmatic octave notes on "Ripples in Mathematics" by A. Jensen
%% and A. la Cour-Harbo written with a deep gratitude to the authors for
%% this wonderful text. 
%% 
%% Reconstruction of graphs in Figure 4.13, top, p.34, Ch 04, D9, CDF(4,4)
%%
%% Author: Vladimir Kulyukin
%% 
%% NB: I have tested this code in Octave 4.
%% =========================================================================
t = [0:1023];

y_fig_4_13_d9_p33 = [
0.5013087098088238
1.0668937878818028
-0.03858906471019391
-0.696310614782963
-0.22293463935796487
-0.0526353324509346
0.008040197594338418
0.09808933012096888
0.022832848979583445
-0.008130126475125985
-7.072845802279472E-4
-0.003569891444965807
3.5759726960041466E-4
0.0024656853571619715
-4.2929749283902006E-4
-0.001983711525444507
2.9392312274738563E-4
0.0015447634215628714
-2.9760069080712556E-4
-0.0013111431791755861
2.2926765130745644E-4
0.001085348752497453
-2.2225707540967228E-4
-9.501047379914479E-4
-0.007630149280374522
-0.012715307475623789
-0.017331707250100276
-0.022073710464868116
-0.04672632961763392
-0.06604391530900693
-0.2059207043346904
-0.3134937521868058
0.5157489040049872
1.0939725488414211
-0.03708694293958292
-0.7101453986278082
-0.23426982107489883
-0.06625018988558407
0.009805770271899841
0.11050332181536426
0.023528150239568547
-0.013160266735071733
-8.638731200094033E-5
-3.462750222149937E-4
7.911409974546906E-5
3.208838479330122E-4
-7.551844454656752E-5
-3.0092305409727004E-4
6.976389735687879E-5
2.807285964247704E-4
-6.669867435498134E-5
-2.645052677540332E-4
6.204411025520959E-5
2.48092729179163E-4
-5.940061752251169E-5
-2.3464979310393043E-4
-0.007756937912745632
-0.01331059288056637
-0.017210695641245957
-0.021553866380471715
-0.04682496637864149
-0.06648844463262153
-0.20582726062882048
-0.31309916652306996
0.5156702485004294
1.0936281475018563
-0.03701257267840863
-0.7098356726600079
-0.2343339518572235
-0.0665249394322283
0.0098664547981894
0.11075312599782083
0.023474810728388
-0.01338484837284594
-3.579923565787811E-5
-1.4013292396484773E-4
3.394109531657897E-5
1.3341599418309472E-4
-3.253979927820877E-5
-1.273736530838393E-4
3.086373701486475E-5
1.2129089168186268E-4
-2.9549358168301317E-5
-1.1574220181813876E-4
2.801786229513911E-5
1.1016223047610179E-4
-2.677096850503108E-5
-1.050025102853054E-4
-0.007787146144421921
-0.013431827674094404
-0.017181598865222365
-0.02143910975129271
-0.04685216929379392
-0.06659661665836714
-0.2058009374031866
-0.31299608154784486
0.515645414120717
1.0935302379038707
-0.036988427627812404
-0.7097417578510727
-0.23435692487503496
-0.06661478552760156
0.009888896477655958
0.11083984944641093
0.023453289023664926
-0.013468386781342647
-1.4676443434742154E-5
-5.901014092700696E-5
1.3534625238933867E-5
5.476190145506817E-5
-1.2420258372614066E-5
-5.0554197360442216E-5
1.1293666999266867E-5
4.635148789419602E-5
-1.0170824423289723E-5
-4.215431400377426E-5
9.050394249981294E-6
3.7964892074251746E-5
-7.913348159857737E-6
-3.375093463151181E-5
-0.00780570874032567
-0.013502099888804766
-0.017163075988807747
-0.02136943990731205
-0.04687049528175904
-0.06666565527751625
-0.20578259099990598
-0.3129273532768969
0.5156271810989999
1.0934618445783857
-0.036970122936722194
-0.7096734262198208
-0.2343751874606504
-0.06668303480138948
0.00990727385677656
0.11090824804402206
0.023434892970138933
-0.01353691778422728
3.869857884968034E-6
9.847552063191074E-6
-5.081858249516703E-6
-1.4409226797806467E-5
6.3744830572972946E-6
1.908995377098154E-5
-7.61431776494662E-6
-2.3756101199248127E-5
8.936022147147028E-6
2.8543139608397787E-5
-1.0204821048239968E-5
-3.331658564893441E-5
1.1553816976134861E-5
3.820845279334321E-5
-0.007825351724949112
-0.013574735215290174
-0.017143215701952718
-0.021296067387221524
-0.04689055122829233
-0.06673976704881078
-0.20576232042846235
-0.3128524742498226
0.51560670272638
1.093386192035898
-0.03694944097824315
-0.7095970063863716
-0.23439608146334717
-0.06676023255783842
0.009928351712272313
0.11098618209525753
0.023413606998578022
-0.013615603281870106
2.5310962117706898E-5
8.920625939848586E-5
-2.6718671982983432E-5
-9.446091831162348E-5
2.81285096617846E-5
9.971871921189543E-5
-2.954286659140992E-5
-1.0498637603142627E-4
3.093457457460694E-5
1.1022058880266088E-4
-3.234767108457767E-5
-1.1547025738523067E-4
3.371024720206043E-5
1.2064532618667322E-4
-0.007847613021932352
-0.01365748879638247
-0.017121006181352844
-0.0212132284019383
-0.0469128169399736
-0.06682272912268478
-0.20574018025976024
-0.3127696574407983
0.5155845641534715
1.093303479047661
-0.03692750932978478
-0.7095147004127818
-0.2344179449631338
-0.06684217615307185
0.009949920378734198
0.1110674285834306
0.02339218120838236
-0.013696199772226981
4.6348870403946296E-5
1.6879096996441317E-4
-4.7531666098683666E-5
-1.730825648273038E-4
4.8457114356790016E-5
1.7699415348872047E-4
-4.955836313969911E-5
-1.8096492006140677E-4
5.036766495998654E-5
1.8450458983456758E-4
-5.1374751005672126E-5
-1.8810853226124588E-4
5.205757126715622E-5
1.912336550403088E-4
-0.007865458454333557
-0.013726074300081752
-0.017103934844949372
-0.021147047667692025
-0.04692928950695812
-0.06688654928209076
-0.20572457068750669
-0.3127085880184914
0.515569649036398
1.093245120317281
-0.03691353823387139
-0.7094594208902207
-0.23443112944101846
-0.06689441119821131
0.009962090012016048
0.1111162821456021
0.02338088443884307
-0.013741700211549504
5.657230289199324E-5
2.1064226211565495E-4
-5.680427296051499E-5
-2.113058037926471E-4
5.6612048935662E-5
2.113429689716982E-4
-5.669503540143349E-5
-2.114524478941543E-4
5.6357922422212366E-5
2.1094159658747397E-4
-5.629185172560977E-5
-2.104997427170009E-4
5.581607988110022E-5
2.0945291302476013E-4
-0.007868103153163752
-0.013740117729231416
-0.017102443890962205
-0.0211372390365683
-0.04692964153877777
-0.0668921107205519
-0.20572535060650865
-0.31270726347861444
0.5155715766140292
1.0932480532372444
-0.036916559632501955
-0.7094665317719205
-0.23442696835283566
-0.06688309422905891
0.009956888456209706
0.11110090560278679
0.023387201201544108
-0.01372222922657843
4.928209324829816E-5
1.8728616157702614E-4
-4.843915013610327E-5
-1.8402397627923284E-4
4.735224529179327E-5
1.8040155047413268E-4
-4.641524734527504E-5
-1.768062134820294E-4
4.527177132153326E-5
1.7290598536359294E-4
-4.4253690875175236E-5
-1.6902612265801045E-4
4.306706199338192E-5
1.6489737676341068E-4
-0.007854481222783037
-0.013692429468325325
-0.017116676413193192
-0.021187672672346718
-0.04691462415843324
-0.0668388799301385
-0.205740875949845
-0.3127628825528196
0.5155877921130956
1.0933061122108774
-0.0369331803752177
-0.7095266099360797
-0.23440975645065598
-0.06682094645237965
0.00993937204346286
0.1110371114871196
0.023405207789883715
-0.013656740439936029
3.106791760971341E-5
1.2051998149482684E-4
-2.983559405595397E-5
-1.1593490628107305E-4
2.8632683223298083E-5
1.1139326268866316E-4
-2.7404932599447514E-5
-1.0683663311633535E-4
2.6230469198257745E-5
1.0235868890157515E-4
-2.5016366530337015E-5
-9.786288373267583E-5
2.3876300090500995E-5
9.347640246524703E-5
-0.007835183824295404
-0.013620716655010339
-0.01713585777076085
-0.021259348513038387
-0.046895419056734305
-0.06676721121553009
-0.20575990392504562
-0.3128342475303277
0.5156067682810392
1.0933771990298033
-0.036951926795402545
-0.7095971558446544
-0.23439112948888097
-0.06675092004993433
0.009921019129025918
0.11096783286100563
0.02342338178759908
-0.013588192181640216
1.3204263304980547E-5
5.289615922913823E-5
-1.2202066273466859E-5
-4.922186336501158E-5
1.1338246550694098E-5
4.5751899186302974E-5
-1.0383730712019665E-5
-4.225675348015779E-5
9.570113070462163E-6
3.8969661871546535E-5
-8.664565103887758E-6
-3.565765407008369E-5
7.900727957251857E-6
3.2554900307042866E-5
-0.007819544781451344
-0.013561074629022712
-0.017151110912879186
-0.021317638159653818
-0.046880523611350165
-0.0667102721610707
-0.2057744088392847
-0.31288978750844976
