%% ========================================================================
%% Programmatic octave notes on "Ripples in Mathematics" by A. Jensen
%% and A. la Cour-Harbo written with a deep gratitude to the authors for
%% this wonderful text. 
%% 
%% Reconstruction of graphs in Figure 4.13, top, p.34, Ch 04, D6, HWT
%%
%% Author: Vladimir Kulyukin
%% 
%% NB: I have tested this code in Octave 4.
%% =========================================================================
t = [0:1023];

y_fig_4_13_d6_p34 = [
0.0015334673446952825
0.0015334673446952825
0.0015334673446952825
0.0015334673446952825
0.0015334673446952825
0.0015334673446952825
0.0015334673446952825
0.0015334673446952825
0.0015334673446952825
0.0015334673446952825
0.0015334673446952825
0.0015334673446952825
0.0015334673446952825
0.0015334673446952825
0.0015334673446952825
0.0015334673446952825
-0.0015334673446952825
-0.0015334673446952825
-0.0015334673446952825
-0.0015334673446952825
-0.0015334673446952825
-0.0015334673446952825
-0.0015334673446952825
-0.0015334673446952825
-0.0015334673446952825
-0.0015334673446952825
-0.0015334673446952825
-0.0015334673446952825
-0.0015334673446952825
-0.0015334673446952825
-0.0015334673446952825
-0.0015334673446952825
0.08798981473569997
0.08798981473569997
0.08798981473569997
0.08798981473569997
0.08798981473569997
0.08798981473569997
0.08798981473569997
0.08798981473569997
0.08798981473569997
0.08798981473569997
0.08798981473569997
0.08798981473569997
0.08798981473569997
0.08798981473569997
0.08798981473569997
0.08798981473569997
-0.08798981473569997
-0.08798981473569997
-0.08798981473569997
-0.08798981473569997
-0.08798981473569997
-0.08798981473569997
-0.08798981473569997
-0.08798981473569997
-0.08798981473569997
-0.08798981473569997
-0.08798981473569997
-0.08798981473569997
-0.08798981473569997
-0.08798981473569997
-0.08798981473569997
-0.08798981473569997
0.10840203388255301
0.10840203388255301
0.10840203388255301
0.10840203388255301
0.10840203388255301
0.10840203388255301
0.10840203388255301
0.10840203388255301
0.10840203388255301
0.10840203388255301
0.10840203388255301
0.10840203388255301
0.10840203388255301
0.10840203388255301
0.10840203388255301
0.10840203388255301
-0.10840203388255301
-0.10840203388255301
-0.10840203388255301
-0.10840203388255301
-0.10840203388255301
-0.10840203388255301
-0.10840203388255301
-0.10840203388255301
-0.10840203388255301
-0.10840203388255301
-0.10840203388255301
-0.10840203388255301
-0.10840203388255301
-0.10840203388255301
-0.10840203388255301
-0.10840203388255301
0.11723787111529684
0.11723787111529684
0.11723787111529684
0.11723787111529684
0.11723787111529684
0.11723787111529684
0.11723787111529684
0.11723787111529684
0.11723787111529684
0.11723787111529684
0.11723787111529684
0.11723787111529684
0.11723787111529684
0.11723787111529684
0.11723787111529684
0.11723787111529684
-0.11723787111529684
-0.11723787111529684
-0.11723787111529684
-0.11723787111529684
-0.11723787111529684
-0.11723787111529684
-0.11723787111529684
-0.11723787111529684
-0.11723787111529684
-0.11723787111529684
-0.11723787111529684
-0.11723787111529684
-0.11723787111529684
-0.11723787111529684
-0.11723787111529684
-0.11723787111529684
0.11845348180831786
0.11845348180831786
0.11845348180831786
0.11845348180831786
0.11845348180831786
0.11845348180831786
0.11845348180831786
0.11845348180831786
0.11845348180831786
0.11845348180831786
0.11845348180831786
0.11845348180831786
0.11845348180831786
0.11845348180831786
0.11845348180831786
0.11845348180831786
-0.11845348180831786
-0.11845348180831786
-0.11845348180831786
-0.11845348180831786
-0.11845348180831786
-0.11845348180831786
-0.11845348180831786
-0.11845348180831786
-0.11845348180831786
-0.11845348180831786
-0.11845348180831786
-0.11845348180831786
-0.11845348180831786
-0.11845348180831786
-0.11845348180831786
-0.11845348180831786
0.11147307582711033
0.11147307582711033
0.11147307582711033
0.11147307582711033
0.11147307582711033
0.11147307582711033
0.11147307582711033
0.11147307582711033
0.11147307582711033
0.11147307582711033
0.11147307582711033
0.11147307582711033
0.11147307582711033
0.11147307582711033
0.11147307582711033
0.11147307582711033
-0.11147307582711033
-0.11147307582711033
-0.11147307582711033
-0.11147307582711033
-0.11147307582711033
-0.11147307582711033
-0.11147307582711033
-0.11147307582711033
-0.11147307582711033
-0.11147307582711033
-0.11147307582711033
-0.11147307582711033
-0.11147307582711033
-0.11147307582711033
-0.11147307582711033
-0.11147307582711033
0.09577214743593551
0.09577214743593551
0.09577214743593551
0.09577214743593551
0.09577214743593551
0.09577214743593551
0.09577214743593551
0.09577214743593551
0.09577214743593551
0.09577214743593551
0.09577214743593551
0.09577214743593551
0.09577214743593551
0.09577214743593551
0.09577214743593551
0.09577214743593551
-0.09577214743593551
-0.09577214743593551
-0.09577214743593551
-0.09577214743593551
-0.09577214743593551
-0.09577214743593551
-0.09577214743593551
-0.09577214743593551
-0.09577214743593551
-0.09577214743593551
-0.09577214743593551
-0.09577214743593551
-0.09577214743593551
-0.09577214743593551
-0.09577214743593551
-0.09577214743593551
0.07407751922672316
0.07407751922672316
0.07407751922672316
0.07407751922672316
0.07407751922672316
0.07407751922672316
0.07407751922672316
0.07407751922672316
0.07407751922672316
0.07407751922672316
0.07407751922672316
0.07407751922672316
0.07407751922672316
0.07407751922672316
0.07407751922672316
0.07407751922672316
-0.07407751922672316
-0.07407751922672316
-0.07407751922672316
-0.07407751922672316
-0.07407751922672316
-0.07407751922672316
-0.07407751922672316
-0.07407751922672316
-0.07407751922672316
-0.07407751922672316
-0.07407751922672316
-0.07407751922672316
-0.07407751922672316
-0.07407751922672316
-0.07407751922672316
-0.07407751922672316
0.05271581512361102
0.05271581512361102
0.05271581512361102
0.05271581512361102
0.05271581512361102
0.05271581512361102
0.05271581512361102
0.05271581512361102
0.05271581512361102
0.05271581512361102
0.05271581512361102
0.05271581512361102
0.05271581512361102
0.05271581512361102
0.05271581512361102
0.05271581512361102
-0.05271581512361102
-0.05271581512361102
-0.05271581512361102
-0.05271581512361102
-0.05271581512361102
-0.05271581512361102
-0.05271581512361102
-0.05271581512361102
-0.05271581512361102
-0.05271581512361102
-0.05271581512361102
-0.05271581512361102
-0.05271581512361102
-0.05271581512361102
-0.05271581512361102
-0.05271581512361102
0.03735911740408771
0.03735911740408771
0.03735911740408771
0.03735911740408771
0.03735911740408771
0.03735911740408771
0.03735911740408771
0.03735911740408771
0.03735911740408771
0.03735911740408771
0.03735911740408771
0.03735911740408771
0.03735911740408771
0.03735911740408771
0.03735911740408771
0.03735911740408771
-0.03735911740408771
-0.03735911740408771
-0.03735911740408771
-0.03735911740408771
-0.03735911740408771
-0.03735911740408771
-0.03735911740408771
-0.03735911740408771
-0.03735911740408771
-0.03735911740408771
-0.03735911740408771
-0.03735911740408771
-0.03735911740408771
-0.03735911740408771
-0.03735911740408771
-0.03735911740408771
0.029482395042911922
0.029482395042911922
0.029482395042911922
0.029482395042911922
0.029482395042911922
0.029482395042911922
0.029482395042911922
0.029482395042911922
0.029482395042911922
0.029482395042911922
0.029482395042911922
0.029482395042911922
0.029482395042911922
0.029482395042911922
0.029482395042911922
0.029482395042911922
-0.029482395042911922
-0.029482395042911922
-0.029482395042911922
-0.029482395042911922
-0.029482395042911922
-0.029482395042911922
-0.029482395042911922
-0.029482395042911922
-0.029482395042911922
-0.029482395042911922
-0.029482395042911922
-0.029482395042911922
-0.029482395042911922
-0.029482395042911922
-0.029482395042911922
-0.029482395042911922
0.027415363346058392
0.027415363346058392
0.027415363346058392
0.027415363346058392
0.027415363346058392
0.027415363346058392
0.027415363346058392
0.027415363346058392
