%% ========================================================================
%% Programmatic octave notes on "Ripples in Mathematics" by A. Jensen
%% and A. la Cour-Harbo written with a deep gratitude to the authors for
%% this wonderful text. 
%% 
%% Reconstruction of graphs in Figure 4.13, top, p.34, Ch 04, D10, HWT
%%
%% Author: Vladimir Kulyukin
%% 
%% NB: I have tested this code in Octave 4.
%% =========================================================================
t = [0:1023];

y_fig_4_13_d10_p34 = [
-1.0677644712457557
1.0677644712457557
-0.0171104220699837
0.0171104220699837
-0.010918803546210554
0.010918803546210554
-0.007882633815011753
0.007882633815011753
-0.005991466553377789
0.005991466553377789
-0.004668472522507572
0.004668472522507572
-0.0036762714026907783
0.0036762714026907783
-0.00289666555023238
0.00289666555023238
-0.002263249507677423
0.002263249507677423
-0.0017354437423712232
0.0017354437423712232
-0.0012868606209172073
0.0012868606209172073
-8.994989753032812E-4
8.994989753032812E-4
-5.606018144220792E-4
5.606018144220792E-4
-2.608435361700634E-4
2.608435361700634E-4
6.771087951329413E-6
-6.771087951329413E-6
2.4760462694428664E-4
-2.4760462694428664E-4
-0.9995341548166613
0.9995341548166613
6.648165773885939E-4
-6.648165773885939E-4
8.471939134861994E-4
-8.471939134861994E-4
0.0010151568561677093
-0.0010151568561677093
0.0011705008302963504
-0.0011705008302963504
0.001314719147998189
-0.001314719147998189
0.0014490646375974192
-0.0014490646375974192
0.0015745965572996345
-0.0015745965572996345
0.0016922167718959047
-0.0016922167718959047
0.0018026979791178066
-0.0018026979791178066
0.001906705969732636
-0.001906705969732636
0.002004817355230726
-0.002004817355230726
0.0020975338135461596
-0.0020975338135461596
0.002185293632032681
-0.002185293632032681
0.0022684811324580334
-0.0022684811324580334
0.0023474344215369536
-0.0023474344215369536
-0.9975775481932403
0.9975775481932403
0.002493797140188714
-0.002493797140188714
0.002561704295058864
-0.002561704295058864
0.0026263809362054857
-0.0026263809362054857
0.002688011711864613
-0.002688011711864613
0.002746760968593498
-0.002746760968593498
0.0028027750710239996
-0.0028027750710239996
0.002856184392496019
-0.002856184392496019
0.0029071050302709738
-0.0029071050302709738
0.0029556402892430556
-0.0029556402892430556
0.003001881970263909
-0.003001881970263909
0.0030459114929325404
-0.0030459114929325404
0.003087800877654978
-0.003087800877654978
0.003127613607682378
-0.003127613607682378
0.003165405388500353
-0.003165405388500353
0.0032012248192130888
-0.0032012248192130888
-0.9967648860116792
0.9967648860116792
0.003267109004430835
-0.003267109004430835
0.0032972404709150083
-0.0032972404709150083
0.003325533912239498
-0.003325533912239498
0.0033520101586302364
-0.0033520101586302364
0.0033766856948430624
-0.0033766856948430624
0.003399572978049603
-0.003399572978049603
0.0034206807292238017
-0.0034206807292238017
0.003440014201868124
-0.003440014201868124
0.0034575754314668528
-0.0034575754314668528
0.003473363468659951
-0.003473363468659951
0.003487374598798665
-0.003487374598798665
0.0034996025502572192
-0.0034996025502572192
0.0035100386936193773
-0.0035100386936193773
0.003518672233648934
-0.003518672233648934
0.0035254903957527835
-0.0035254903957527835
-0.9964695213915149
0.9964695213915149
0.0035336206834764017
-0.0035336206834764017
0.0035348989940429676
-0.0035348989940429676
0.0035342946535993347
-0.0035342946535993347
0.00353178769487622
-0.00353178769487622
0.0035273572508336963
-0.0035273572508336963
0.0035209817380502106
-0.0035209817380502106
0.0035126390432606847
-0.0035126390432606847
0.0035023067136058794
-0.0035023067136058794
0.0034899621510546264
-0.0034899621510546264
0.003475582811345246
-0.003475582811345246
0.0034591464076833556
-0.0034591464076833556
0.003440631119318027
-0.003440631119318027
0.003420015804999954
-0.003420015804999954
0.0033972802211987563
-0.0033972802211987563
0.0033724052448362296
-0.0033724052448362296
-0.9966546268998489
0.9966546268998489
0.0033161675891875964
-0.0033161675891875964
0.003284774325252038
-0.003284774325252038
0.0032511809685449866
-0.0032511809685449866
0.0032153774630386545
-0.0032153774630386545
0.0031773562735199212
-0.0031773562735199212
0.003137112621587307
-0.003137112621587307
0.00309464471924617
-0.00309464471924617
0.0030499539986271196
-0.0030499539986271196
0.0030030453362140386
-0.0030030453362140386
0.002953927269872314
-0.002953927269872314
0.0029026122068539356
-0.0029026122068539356
0.002849116620880582
-0.002849116620880582
0.002793461236339181
-0.002793461236339181
0.002735671197571163
-0.002735671197571163
0.002675776221226861
-0.002675776221226861
-0.9973861892703489
0.9973861892703489
0.0025498139633005623
-0.0025498139633005623
0.0024838300702583888
-0.0024838300702583888
0.002415908171004885
-0.002415908171004885
0.0023461023967189104
-0.0023461023967189104
0.0022744718995614047
-0.0022744718995614047
0.0022010808335661547
-0.0022010808335661547
0.0021259983049938466
-0.0021259983049938466
0.0020492982912605207
-0.0020492982912605207
0.0019710595278237125
-0.0019710595278237125
0.0018913653627236696
-0.0018913653627236696
0.0018103035787945807
-0.0018103035787945807
0.0017279661839120566
-0.0017279661839120566
0.0016444491699839426
-0.0016444491699839426
0.0015598522417653166
-0.0015598522417653166
0.0014742785169237736
-0.0014742785169237736
-0.9986121658008601
0.9986121658008601
0.0013006282263625414
-0.0013006282263625414
0.0012127718966623013
-0.0012127718966623013
0.0011243784744090525
-0.0011243784744090525
0.0010355627797746635
-0.0010355627797746635
9.464407647705903E-4
-9.464407647705903E-4
8.571290792268819E-4
-8.571290792268819E-4
7.677446302409383E-4
-7.677446302409383E-4
6.784041387300609E-4
-6.784041387300609E-4
5.892236967406225E-4
-5.892236967406225E-4
5.003183291697995E-4
-5.003183291697995E-4
4.118015634822325E-4
-4.118015634822325E-4
3.237850108950076E-4
-3.237850108950076E-4
2.3637796233815487E-4
-2.3637796233815487E-4
1.4968700230308084E-4
-1.4968700230308084E-4
6.38156434360076E-5
-6.38156434360076E-5
-1.0000211360155369
1.0000211360155369
-1.0507160627659242E-4
1.0507160627659242E-4
-1.8789877974359503E-4
1.8789877974359503E-4
-2.6952946595821116E-4
2.6952946595821116E-4
-3.4988010336557966E-4
3.4988010336557966E-4
-4.2887183692162005E-4
4.2887183692162005E-4
-5.064306843807209E-4
5.064306843807209E-4
-5.824876706097219E-4
5.824876706097219E-4
-6.569789300910215E-4
6.569789300910215E-4
-7.298457780988022E-4
7.298457780988022E-4
-8.01034751320406E-4
8.01034751320406E-4
-8.704976189748987E-4
8.704976189748987E-4
-9.381913657085967E-4
9.381913657085967E-4
-0.001004078147770494
0.001004078147770494
-0.0010681252241345508
0.0010681252241345508
-0.001130304864394336
0.001130304864394336
-1.001190594235358
1.001190594235358
-0.0012489752683597331
0.0012489752683597331
-0.00130543450935083
0.00130543450935083
-0.0013599629538549457
0.0013599629538549457
-0.0014125558688759185
0.0014125558688759185
-0.0014632126038021664
0.0014632126038021664
-0.0015119363923207438
0.0015119363923207438
-0.0015587341472662816
0.0015587341472662816
-0.0016036162502569493
0.0016036162502569493
-0.0016465963378681642
0.0016465963378681642
-0.0016876910859751904
0.0016876910859751904
-0.001726919993796906
0.001726919993796906
-0.0017643051690265713
0.0017643051690265713
-0.0017998711153276448
0.0017998711153276448
-0.0018336445233294583
0.0018336445233294583
-0.0018656540661423499
0.0018656540661423499
-1.0018959302002701
1.0018959302002701
-0.0019245049726910463
0.0019245049726910463
-0.0019514118347486453
0.0019514118347486453
-0.0019766854633860437
0.0019766854633860437
-0.002000361590151725
0.002000361590151725
-0.0020224768383046987
0.0020224768383046987
-0.002043068568246223
0.002043068568246223
-0.0020621747314485267
0.0020621747314485267
-0.002079833732931524
0.002079833732931524
-0.002096084302306969
0.002096084302306969
-0.0021109653733365763
0.0021109653733365763
