%% ========================================================================
%% Programmatic octave notes on "Ripples in Mathematics" by A. Jensen
%% and A. la Cour-Harbo written with a deep gratitude to the authors for
%% this wonderful text. 
%% 
%% Reconstruction of graphs in Figure 4.12, top, p.33, Ch 04.
%%
%% Author: Vladimir Kulyukin
%% 
%% NB: I have tested this code in Octave 4.
%% =========================================================================
t = (1.0/1024.0)*[0:1023];

y_fig_4_12_p33 = [
0.8334374694168124
0.8746018454451339
0.9000520197714188
0.9297128017534638
0.9436593820334727
0.9618165699692418
0.9841843655607715
1.0054239322312957
1.010949297199784
1.0206852698240323
1.034631850104041
1.0474502014630445
1.0644791604778083
1.080379890571567
1.09515239174432
1.1102272009453338
1.1095878084443116
1.1131590235990496
1.120940846409548
1.127594440299041
1.1384586418442948
1.1481946144685429
1.156802358171786
1.1657124099032892
1.1788330692905538
1.1908254997568126
1.2016897013020662
1.2128562108755803
1.2228944915280895
1.2332350802088594
1.2438779769178898
1.254439870434882
1.2110979812394718
1.1821995670908323
1.1677446279889643
1.1494195714124142
1.1455379898826357
1.1377862908781755
1.126164474399034
1.1155796527718467
1.1194383061914315
1.1194268421363345
1.1155452606065561
1.1127006739287317
1.1059859697762264
1.100308260475675
1.0956675460270786
1.0907489696453454
1.100273868310384
1.105928649500741
1.1077133132164163
1.110534971784046
1.1094865128769946
1.1094750488218974
1.1105005796187546
1.1112482484824753
1.1081257998715153
1.1060403461125092
1.104991887205458
1.1036655663652697
1.1033762403770364
1.1028090524556662
1.1019640026011595
1.1011934056272439
1.0804549230049674
1.0650668192167259
1.0550290942625198
1.0435577396205333
1.0374367638125825
1.0298821583168511
1.0208939231333396
1.0122898278669137
1.009036111434524
1.0043487653143537
0.9982277895064031
0.9924909536155382
0.9853204880368931
0.9785341623753336
0.9721319766308609
0.9656268609058238
0.9644721240148229
0.961883757436041
0.9578617611694794
0.9542239048200033
0.9491524187827469
0.9444650726625763
0.940161866459492
0.9357557302758436
0.9299159644044155
0.9244603384500729
0.9193888524128168
0.9142144363949963
0.9094241602942624
0.9045309542129646
0.8995348181511027
0.8945662620944099
0.8821806799729599
0.8717824839958017
0.8633716741629365
0.8544283458176586
0.8474724036166739
0.8399839429032767
0.8319629636774678
0.8240846723570141
0.818193767180853
0.8117703434922797
0.8048144012912946
0.7980011469956648
0.7906553741876234
0.7834522892849374
0.7763918922876063
0.7692932621812657
0.7641820182192179
0.7585382557447579
0.7523619747578858
0.746328381676369
0.7397622700824407
0.7333388463938675
0.7270581106106497
0.720739141718422
0.713887654313783
0.7071788548144989
0.7006127432205705
0.6940083985176322
0.6875467417200495
0.6810468518134569
0.6745087287978548
0.6679808503129357
0.6590536341444864
0.6507693185707084
0.643127903591602
0.6353142239173396
0.6281434448377492
0.6208004010630029
0.6132850925931009
0.6058159423091501
0.5989896926198712
0.5919911782354363
0.5848203991558458
0.5776957782622066
0.5703988926734118
0.5631481652705683
0.5559435960536762
0.5487266587881341
0.5421526221172641
0.5354063207512381
0.5284877546900564
0.5216153468148258
0.5145706742444398
0.5075721598600049
0.5006198036615216
0.4936550794143883
0.48651809047209954
0.479427259715762
0.47238258714537584
0.4653255465263398
0.4583146640932554
0.45129141361152103
0.444255795081137
0.43722349055940046
0.43248940333009867
0.4271395106332576
0.42117381246887753
0.41537311888221917
0.40895661982802184
0.40270512535154623
0.3966186354527924
0.39048793271069043
0.38374142450104964
0.3771599208691304
0.3707434218149331
0.36428270991738765
0.3579870025975642
0.3516470824343926
0.34526294942787306
0.33889066321702355
0.3319025715386353
0.3250794844379686
0.31842140191502366
0.3117191065487307
0.3051818157601596
0.29860031212824045
0.29197459565297335
0.28536072597337636
0.27891186087150127
0.27241878292627814
0.265881492137707
0.259356048144806
0.25278639130855707
0.24622858126797825
0.23968261802306962
0.23313348043882826
0.23409327076547037
0.23304104992236763
0.2299768179095203
0.22745170266476836
0.22291457625027178
0.21891656660387063
0.215457673725565
0.21185432494462209
0.20623896499393451
0.2011627218113424
0.19662559539684574
0.19194401307971182
0.18780154753067346
0.18351462607899777
0.17908324872468484
0.17469057821282546
0.1682858965312215
0.16242033161771294
0.15709388347229986
0.15162297942424952
0.14669119214429469
0.14161494896170254
0.1363942498764732
0.13121225763369734
0.12656938215901706
0.12178205078169946
0.11685026350174463
0.11195718306424332
0.10691964672410478
0.10192081722641977
0.09696069457118836
0.09199020044877991
0.09891657748213448
0.10265519749684526
0.10320606049291212
0.10461108040779127
0.10282834330402668
0.10189976311907434
0.10182533985293421
0.10152204593018888
0.09803099498879977
0.09539410096622289
0.09361136386245827
0.09159975610208845
0.0904423052605309
0.08905598376236815
0.08744079160760015
0.0858869251604407
0.08114530169463754
0.07725783514764659
0.07422452551946787
0.07096234523468394
0.0685543218687123
0.06591742784613544
0.06305166316695338
0.06024722419537984
0.05829694214261859
0.05611778943325211
0.05370976606728045
0.05136306840891731
0.048787500093949
0.04627325748658922
0.04382034058683798
0.04135099151325775
0.05201667724387391
0.05916284100615088
0.06278948280008889
0.06735917766318686
0.06840935055794578
0.07040257652186471
0.07333885555494371
0.07602244427972157
0.07518651103616038
0.0752936308617592
0.0763438037565181
0.07714128634297585
0.07888182199859367
0.08036966734591036
0.08160482238492592
0.08290768558798592
0.08069102682270685
0.07941742112658784
0.07908686849962887
0.07850362556436874
0.07886343569826873
0.07897055552386754
0.07882498504116525
0.07874712272250739
0.07961231347300964
0.08022481391521072
0.08058462404911068
0.08101214234705509
0.08118697033669839
0.0814295064903861
0.08173975080811832
0.08203185277797381
0.0929290626724718
0.10098464246291683
0.10619859214930917
0.11217395432727034
0.11530768640117871
0.11920283096665593
0.12385938802370214
0.12831192521852544
0.129922832309296
0.13229515189163538
0.13542888396554373
0.13835859617722918
0.1420497208804836
0.1455368257215151
0.14881991070032377
0.15215766263645492
0.15265378446853337
0.1539113187921807
0.15593026560739692
0.15774519256039024
0.16032153200495258
0.162693851587292
0.16486215130740856
0.1670851179848476
0.17006949715385564
0.17284985646064074
0.17542619590520303
0.1780572023070878
0.18048418884674974
0.18296584234373417
0.18550216279804116
0.18802383528528088
0.1968130471830748
0.2039228769572805
0.20935332460789793
0.21523376134231412
0.21943481595314207
0.22408585964776867
0.22918689242619408
0.23416735099301275
0.23746842743624336
0.24121949296327258
0.2454205475741006
0.2495010279733218
0.25403149745634185
0.25844139272775507
0.26273071378756174
0.2670523426099963
0.2696945893088429
0.27278682509148805
0.27632904995793195
0.2797507006127691
0.28362234035140504
0.28737340587843424
0.2910038971938568
0.2946666962719072
0.2987794844337567
0.3027716983839993
0.30664333812263517
0.31054728562389905
0.3143306589135564
0.31814633996584163
0.32199432878075485
0.3258336607567626
0.3320482254859526
0.3376263485170914
0.342568029850179
0.34768024522228885
0.3521560188963479
0.356802326609429
0.36161916836153246
0.36639031565559776
0.37052502125161224
0.3748302608866489
0.3793060345607078
0.3837361137767286
0.3883367270317718
0.3928916458287769
0.39740087016774395
0.4019223382998408
0.4058073647338869
0.40986292520695505
0.41408901971904555
0.41826941977309795
0.42262035386617275
0.4269255935012093
0.4311851386782079
0.4354569276483362
0.43989925065748714
0.4442958792085999
0.44864681330167466
0.45300999118787916
0.4573274746160456
0.461657201837342
0.46599917285176823
0.47033786315171294
0.4744859355173585
0.47868508380456243
0.4829353080133246
