%% ========================================================================
%% Programmatic octave notes on "Ripples in Mathematics" by A. Jensen
%% and A. la Cour-Harbo written with a deep gratitude to the authors for
%% this wonderful text. 
%% 
%% Reconstruction of graphs in Figure 4.12, top, p.33, Ch 04.
%%
%% Author: Vladimir Kulyukin
%% 
%% NB: I have tested this code in Octave 4.
%% =========================================================================
t = (1.0/1024.0)*[0:1023];

y_fig_4_12_p33 = [
1.093059323738153
1.093059323738153
1.093059323738153
1.093059323738153
1.093059323738153
1.093059323738153
1.093059323738153
1.093059323738153
1.093059323738153
1.093059323738153
1.093059323738153
1.093059323738153
1.093059323738153
1.093059323738153
1.093059323738153
1.093059323738153
1.093059323738153
1.093059323738153
1.093059323738153
1.093059323738153
1.093059323738153
1.093059323738153
1.093059323738153
1.093059323738153
1.093059323738153
1.093059323738153
1.093059323738153
1.093059323738153
1.093059323738153
1.093059323738153
1.093059323738153
1.093059323738153
1.1208692446552968
1.1208692446552968
1.1208692446552968
1.1208692446552968
1.1208692446552968
1.1208692446552968
1.1208692446552968
1.1208692446552968
1.1208692446552968
1.1208692446552968
1.1208692446552968
1.1208692446552968
1.1208692446552968
1.1208692446552968
1.1208692446552968
1.1208692446552968
1.1208692446552968
1.1208692446552968
1.1208692446552968
1.1208692446552968
1.1208692446552968
1.1208692446552968
1.1208692446552968
1.1208692446552968
1.1208692446552968
1.1208692446552968
1.1208692446552968
1.1208692446552968
1.1208692446552968
1.1208692446552968
1.1208692446552968
1.1208692446552968
0.9738014263164662
0.973801426316466
0.9738014263164662
0.9738014263164662
0.9738014263164662
0.9738014263164662
0.9738014263164662
0.9738014263164662
0.9738014263164662
0.9738014263164662
0.9738014263164662
0.9738014263164662
0.9738014263164662
0.9738014263164662
0.9738014263164662
0.9738014263164662
0.9738014263164662
0.9738014263164662
0.9738014263164662
0.9738014263164662
0.9738014263164662
0.9738014263164662
0.9738014263164662
0.9738014263164662
0.9738014263164662
0.9738014263164662
0.9738014263164662
0.9738014263164662
0.9738014263164662
0.9738014263164662
0.9738014263164662
0.9738014263164662
0.7704994145821934
0.7704994145821935
0.7704994145821934
0.7704994145821934
0.7704994145821934
0.7704994145821934
0.7704994145821934
0.7704994145821934
0.7704994145821934
0.7704994145821934
0.7704994145821934
0.7704994145821934
0.7704994145821934
0.7704994145821934
0.7704994145821934
0.7704994145821934
0.7704994145821934
0.7704994145821934
0.7704994145821934
0.7704994145821934
0.7704994145821934
0.7704994145821934
0.7704994145821934
0.7704994145821934
0.7704994145821934
0.7704994145821934
0.7704994145821934
0.7704994145821934
0.7704994145821934
0.7704994145821934
0.7704994145821934
0.7704994145821934
0.5472181708896684
0.5472181708896686
0.5472181708896684
0.5472181708896684
0.5472181708896684
0.5472181708896684
0.5472181708896684
0.5472181708896684
0.5472181708896684
0.5472181708896684
0.5472181708896684
0.5472181708896684
0.5472181708896684
0.5472181708896684
0.5472181708896684
0.5472181708896684
0.5472181708896684
0.5472181708896684
0.5472181708896684
0.5472181708896684
0.5472181708896684
0.5472181708896684
0.5472181708896684
0.5472181708896684
0.5472181708896684
0.5472181708896684
0.5472181708896684
0.5472181708896684
0.5472181708896684
0.5472181708896684
0.5472181708896684
0.5472181708896684
0.33516604112267445
0.33516604112267423
0.33516604112267445
0.33516604112267445
0.33516604112267445
0.33516604112267445
0.33516604112267445
0.33516604112267445
0.33516604112267445
0.33516604112267445
0.33516604112267445
0.33516604112267445
0.33516604112267445
0.33516604112267445
0.33516604112267445
0.33516604112267445
0.33516604112267445
0.33516604112267445
0.33516604112267445
0.33516604112267445
0.33516604112267445
0.33516604112267445
0.33516604112267445
0.33516604112267445
0.33516604112267445
0.33516604112267445
0.33516604112267445
0.33516604112267445
0.33516604112267445
0.33516604112267445
0.33516604112267445
0.33516604112267445
0.16862629791797773
0.16862629791797756
0.16862629791797773
0.16862629791797773
0.16862629791797773
0.16862629791797773
0.16862629791797773
0.16862629791797773
0.16862629791797773
0.16862629791797773
0.16862629791797773
0.16862629791797773
0.16862629791797773
0.16862629791797773
0.16862629791797773
0.16862629791797773
0.16862629791797773
0.16862629791797773
0.16862629791797773
0.16862629791797773
0.16862629791797773
0.16862629791797773
0.16862629791797773
0.16862629791797773
0.16862629791797773
0.16862629791797773
0.16862629791797773
0.16862629791797773
0.16862629791797773
0.16862629791797773
0.16862629791797773
0.16862629791797773
0.07811748080670465
0.07811748080670466
0.07811748080670465
0.07811748080670465
0.07811748080670465
0.07811748080670465
0.07811748080670465
0.07811748080670465
0.07811748080670465
0.07811748080670465
0.07811748080670465
0.07811748080670465
0.07811748080670465
0.07811748080670465
0.07811748080670465
0.07811748080670465
0.07811748080670466
0.07811748080670465
0.07811748080670465
0.07811748080670465
0.07811748080670465
0.07811748080670465
0.07811748080670465
0.07811748080670465
0.07811748080670465
0.07811748080670465
0.07811748080670465
0.07811748080670465
0.07811748080670465
0.07811748080670465
0.07811748080670465
0.07811748080670465
0.07548185761080115
0.07548185761080117
0.07548185761080115
0.07548185761080115
0.07548185761080115
0.07548185761080115
0.07548185761080115
0.07548185761080115
0.07548185761080115
0.07548185761080115
0.07548185761080115
0.07548185761080115
0.07548185761080115
0.07548185761080115
0.07548185761080115
0.07548185761080115
0.07548185761080115
0.07548185761080115
0.07548185761080115
0.07548185761080115
0.07548185761080115
0.07548185761080115
0.07548185761080115
0.07548185761080115
0.07548185761080115
0.07548185761080115
0.07548185761080115
0.07548185761080115
0.07548185761080115
0.07548185761080115
0.07548185761080115
0.07548185761080115
0.1472275494629902
0.14722754946299021
0.1472275494629902
0.1472275494629902
0.1472275494629902
0.1472275494629902
0.1472275494629902
0.1472275494629902
0.1472275494629902
0.1472275494629902
0.1472275494629902
0.1472275494629902
0.1472275494629902
0.1472275494629902
0.1472275494629902
0.1472275494629902
0.1472275494629902
0.1472275494629902
0.1472275494629902
0.1472275494629902
0.1472275494629902
0.1472275494629902
0.1472275494629902
0.1472275494629902
0.1472275494629902
0.1472275494629902
0.1472275494629902
0.1472275494629902
0.1472275494629902
0.1472275494629902
0.1472275494629902
0.1472275494629902
0.26528678949065065
0.26528678949065077
0.26528678949065065
0.26528678949065065
0.26528678949065065
0.26528678949065065
0.26528678949065065
0.26528678949065065
0.26528678949065065
0.26528678949065065
0.26528678949065065
0.26528678949065065
0.26528678949065065
0.26528678949065065
0.26528678949065065
0.26528678949065065
0.26528678949065065
0.26528678949065065
0.26528678949065065
0.26528678949065065
0.26528678949065065
0.26528678949065065
0.26528678949065065
0.26528678949065065
0.26528678949065065
0.26528678949065065
0.26528678949065065
0.26528678949065065
0.26528678949065065
0.26528678949065065
0.26528678949065065
0.26528678949065065
0.4026410376812108
0.40264103768121084
0.4026410376812108
0.4026410376812108
0.4026410376812108
0.4026410376812108
0.4026410376812108
0.4026410376812108
0.4026410376812108
0.4026410376812108
0.4026410376812108
0.4026410376812108
0.4026410376812108
0.4026410376812108
0.4026410376812108
0.4026410376812108
0.4026410376812108
0.4026410376812108
0.4026410376812108
0.4026410376812108
0.4026410376812108
0.4026410376812108
0.4026410376812108
0.4026410376812108
0.4026410376812108
0.4026410376812108
0.4026410376812108
0.4026410376812108
0.4026410376812108
0.4026410376812108
0.4026410376812108
0.4026410376812108
0.5407397549263461
0.5407397549263462
0.5407397549263461
