IM3 = [
1.0,  1.0,  1.0,  0.0,  1.0,  0.0,  0.0, 0.0; 
1.0,  1.0,  1.0,  0.0, -1.0,  0.0,  0.0, 0.0; 
1.0,  1.0, -1.0,  0.0,  0.0,  1.0,  0.0, 0.0; 
1.0,  1.0, -1.0,  0.0,  0.0, -1.0,  0.0, 0.0; 
1.0, -1.0,  0.0,  1.0,  0.0,  0.0,  1.0, 0.0; 
1.0, -1.0,  0.0,  1.0,  0.0,  0.0, -1.0, 0.0; 
1.0, -1.0,  0.0, -1.0,  0.0,  0.0,  0.0, 1.0; 
1.0, -1.0,  0.0, -1.0,  0.0,  0.0,  0.0, -1.0
];

DM3 = [
0.125,  0.125, 0.125, 0.125, 0.125,  0.125,  0.125,  0.125; 
0.125,  0.125, 0.125, 0.125, -0.125, -0.125, -0.125, -0.125; 
0.25,   0.25,  -0.25, -0.25,  0.0,   0.0,    0.0,    0.0; 
0.0,    0.0,   0.0,   0.0,    0.25,  0.25,   -0.25,  -0.25; 
0.5,   -0.5,   0.0,   0.0,    0.0,   0.0,    0.0,    0.0; 
0.0,    0.0,   0.5,   -0.5,   0.0,   0.0,    0.0,    0.0; 
0.0,    0.0,   0.0,   0.0,    0.5,   -0.5,   0.0,    0.0; 
0.0,    0.0,   0.0,   0.0,    0.0,   0.0,    0.5,    -0.5
];

I3a = IM3 * DM3;

I3b = DM3 * IM3;
